#-94.8465 4665.739387643714 -3.608778879454191e+25 4.8214929505907954e+26
#-93.8325 4665.739387643714 -5.7469688032195695e+25 3.338563029689983e+26
#-93.7475 4665.739387643714 -3.286125507500613e+25 3.641936061734989e+26
#-89.8044 4665.739387643714 -6.380338784845657e+25 3.7606208878144366e+26
#-89.7458 4665.739387643714 -2.1885618703814907e+26 4.297847989538448e+26
#-72.8264 4665.739387643714 -5.943774955540246e+26 2.104207485268027e+26
#-72.8116 4665.739387643714 -4.116715720476457e+26 1.5185706824665925e+26
#-66.7727 4665.739387643714 0.0 3.9612596091698264e+26
#-64.8023 4665.739387643714 6.901396607088085e+25 3.085200615077068e+26
#-63.8451 4665.739387643714 -2.3922424036562874e+26 3.8008748474524925e+26
#-63.7932 4665.739387643714 -1.538664958482601e+26 4.977177613902763e+26
#-56.7918 4665.739387643714 -4.813830575537704e+26 2.7052592148737575e+26
#-52.8263 4665.739387643714 -4.350722055200332e+26 2.1239397371509106e+26
#-50.8138 4665.739387643714 3.9342733276613866e+26 2.0342450630894373e+26
#69.4968 4665.739387643714 4.989920168190443e+26 2.1789577791373563e+26
#78.4938 4665.739387643714 1.062926338725761e+25 2.0942152261995684e+26
#88.4759 4665.739387643714 3.5375666123873634e+26 3.648695358636193e+26
#123.477 4665.739387643714 1.9186229300045012e+26 2.1503470036660924e+26
#125.507 4665.739387643714 4.5450701148744235e+26 2.5285858104307432e+26
#127.409 4665.739387643714 2.0351996055224827e+26 2.5543771386954617e+26
#130.373 4665.739387643714 2.8836162707075413e+26 1.5569199262081463e+26
#130.383 4665.739387643714 3.052295920455064e+26 1.9934362181970226e+26
#131.476 4665.739387643714 2.0535249959893366e+25 2.6811367432986842e+26
#132.446 4665.739387643714 0.0 1.3998555653435367e+26
#134.432 4665.739387643714 3.2321539342389043e+25 2.780370808143629e+26
#137.471 4665.739387643714 -1.7562527428929086e+26 1.944755167963296e+26
#138.444 4665.739387643714 -2.158065565162726e+25 1.4375637196880774e+26
#138.458 4665.739387643714 3.223063684348278e+26 1.7333419439061328e+26
#139.44 4665.739387643714 -1.4748275251405012e+26 1.5401364845096022e+26
#139.45 4665.739387643714 -4.4088603159989444e+26 1.9105600469336274e+26
#141.477 4665.739387643714 2.3088208777237243e+26 1.4840801548098692e+26
#142.437 4665.739387643714 1.888871496736242e+27 3.490011952880022e+26
#143.328 4665.739387643714 -1.6156021448632207e+26 3.7221079824409e+26
#143.503 4665.739387643714 5.949756962928845e+26 2.2284714381564205e+26
164.318 4665.739387643714 5.713418529123511e+26 2.0281398799945337e+26
172.495 4665.739387643714 5.947068427380222e+26 2.8503360815111576e+26
175.514 4665.739387643714 -9.09422900946289e+24 5.991591468417495e+26
180.475 4665.739387643714 1.4179646077817324e+26 2.7628895088685095e+26
186.423 4665.739387643714 3.289701145232062e+26 2.5728110842220527e+26
186.424 4665.739387643714 -3.1380675189226676e+26 2.283989533502332e+26
193.245 4665.739387643714 5.1184071807060065e+26 2.5710232265676297e+26
193.245 4665.739387643714 1.0682016821448228e+26 2.1522993281772628e+26
206.454 4665.739387643714 6.761474384216831e+25 5.731586071453245e+26
208.194 4665.739387643714 4.924828770007821e+24 1.9500419581274157e+26
209.236 4665.739387643714 -7.580465302095303e+25 2.88116333389961e+26
211.174 4665.739387643714 -3.8420009507109015e+26 1.9824051002445993e+26
222.18 4665.739387643714 4.205085539946539e+26 1.640954696909277e+26
222.181 4665.739387643714 2.6610853902896685e+25 2.501591579102569e+26
226.4 4665.739387643714 9.684305173798158e+26 6.23218719980277e+26
226.403 4665.739387643714 2.2304312038578584e+27 5.983436631400284e+26
234.235 4665.739387643714 1.3621757583790616e+28 9.28546362074219e+26
234.253 4665.739387643714 1.4363680561862559e+28 1.3471937412226808e+27
247.289 4665.739387643714 2.599383767086209e+28 1.331843005889141e+27
247.29 4665.739387643714 2.7168954381760933e+28 1.8710597176150192e+27
256.271 4665.739387643714 3.943269694816302e+28 2.3367306066252943e+27
261.231 4665.739387643714 3.999205551221103e+28 1.9072163326083852e+27
267.171 4665.739387643714 4.032540393371972e+28 3.3328525102533227e+27
267.192 4665.739387643714 3.9342708145897094e+28 2.2958798808007927e+27
272.192 4665.739387643714 3.7127160753501332e+28 1.9222843718969258e+27
272.194 4665.739387643714 3.872266875542941e+28 2.4726870396135484e+27
275.204 4665.739387643714 3.7590517584576475e+28 2.6978395887685827e+27
275.204 4665.739387643714 3.7430979291753295e+28 2.8712914224035955e+27
281.17 4665.739387643714 3.1963756381093697e+28 1.9061538046859537e+27
281.205 4665.739387643714 3.3645263420940153e+28 2.9161434612180834e+27
284.211 4665.739387643714 3.0915100925998004e+28 1.8718792533058625e+27
284.212 4665.739387643714 3.1784999355568077e+28 2.103211576455943e+27
288.17 4665.739387643714 3.0345750265229357e+28 2.24660727594044e+27
288.171 4665.739387643714 3.049857959736241e+28 2.2744711370380568e+27
291.149 4665.739387643714 2.7022572749826318e+28 1.8653903714080338e+27
291.152 4665.739387643714 2.8224360727234248e+28 2.1392157693080877e+27
294.193 4665.739387643714 2.5692344372379926e+28 1.6846469332447904e+27
294.194 4665.739387643714 2.4978238594238163e+28 1.4554579721477533e+27
298.192 4665.739387643714 2.3339716101938637e+28 1.8937804685854202e+27
298.208 4665.739387643714 2.350767751357828e+28 2.105803707590088e+27
302.185 4665.739387643714 2.0885112176936045e+28 1.2284064246459087e+27
306.152 4665.739387643714 1.9556931435751632e+28 1.2991832319010684e+27
306.167 4665.739387643714 1.9148426200030316e+28 1.2506794642714705e+27
309.183 4665.739387643714 1.8230526888975716e+28 9.340088953993851e+26
309.184 4665.739387643714 1.8261205250972976e+28 1.0352056462487439e+27
433.491 4665.739387643714 3.8046505426931483e+27 4.590251264141263e+26
436.49 4665.739387643714 3.598467264942874e+27 3.257396867520287e+26
437.505 4665.739387643714 3.342662037666402e+27 4.408748785606389e+26
445.518 4665.739387643714 2.9133450304758036e+27 4.4949690972211656e+26
445.526 4665.739387643714 1.852010394790754e+27 6.0296408669300644e+26
448.515 4665.739387643714 2.611923068799896e+27 3.432860073928875e+26
448.516 4665.739387643714 2.1454515211965627e+27 3.970886901910487e+26
456.469 4665.739387643714 2.890425873325179e+27 3.608505658418917e+26
456.47 4665.739387643714 2.6611723871813165e+27 2.9735783830039727e+26
458.511 4665.739387643714 2.5516100748171545e+27 2.3855909696759767e+26
458.517 4665.739387643714 2.604430844687018e+27 3.173952455765036e+26
459.472 4665.739387643714 2.4155602397392476e+27 2.7961176504204615e+26
463.474 4665.739387643714 2.4089552946556994e+27 2.6723259249777003e+26
463.474 4665.739387643714 2.2364902521714668e+27 2.7924307330056724e+26
466.466 4665.739387643714 2.307318087007429e+27 3.317693111299797e+26
466.466 4665.739387643714 2.4928171652739247e+27 2.2428869874071656e+26
467.451 4665.739387643714 2.5823010042071824e+27 4.519728476268114e+26
468.456 4665.739387643714 2.562235828856487e+27 4.563474920999645e+26
468.468 4665.739387643714 2.1001077472830248e+27 4.320912044541015e+26
469.52 4665.739387643714 2.002092187663111e+27 4.2185688672654e+26
479.503 4665.739387643714 1.8319568476274378e+27 3.1934607771362893e+26
479.504 4665.739387643714 1.922374214496557e+27 2.4922883382978806e+26
485.463 4665.739387643714 1.9121316073194941e+27 2.2185141276795414e+26
485.525 4665.739387643714 2.0046393623025209e+27 3.43399906396938e+26
488.505 4665.739387643714 1.2801315693134785e+27 2.489981691210239e+26
488.505 4665.739387643714 1.9519931440887275e+27 2.1951994086671477e+26
490.546 4665.739387643714 1.5504873905625683e+27 2.5244735969212387e+26
491.525 4665.739387643714 1.8706840799799934e+27 2.2014993883445698e+26
491.525 4665.739387643714 2.2139003667905926e+27 3.219643200893006e+26
494.546 4665.739387643714 1.554764920001671e+27 2.3920142141821293e+26
496.547 4665.739387643714 1.5275670597800248e+27 2.143020877102918e+26
#500.548 4665.739387643714 1.3766780246288455e+27 3.945516488661422e+26
#502.544 4665.739387643714 1.319450254386926e+27 3.616879634920709e+26
#512.436 4665.739387643714 1.4296829502197214e+27 2.5266016310613232e+26
#527.55 4665.739387643714 1.190681071852185e+27 1.9732694751384726e+26
#530.554 4665.739387643714 8.704815193161716e+26 4.518641672971656e+26
#536.407 4665.739387643714 6.770162586347544e+26 1.863778247972364e+26
#537.482 4665.739387643714 9.612937319734224e+26 2.131782754391367e+26
#538.443 4665.739387643714 1.1313482079890158e+27 3.705679235057861e+26
#538.457 4665.739387643714 7.62806600716802e+26 4.344216647381936e+26
#546.5 4665.739387643714 6.0061558282549295e+26 1.7338338966739863e+26
#549.468 4665.739387643714 7.607445283605003e+26 1.8854421571913223e+26
#550.423 4665.739387643714 3.7571933611644406e+26 3.40946793515277e+26
#550.424 4665.739387643714 2.6611920177106118e+26 2.5758967582646938e+26
#552.476 4665.739387643714 9.295396636916181e+26 1.6744351801250464e+26
#553.458 4665.739387643714 1.1656595691608045e+27 1.8703716283108914e+26
#553.458 4665.739387643714 1.1197588366967099e+27 2.2588569360935157e+26
#554.485 4665.739387643714 6.178227446193672e+26 2.672611534056244e+26
#555.441 4665.739387643714 7.785733050070779e+26 2.3525086594405357e+26
#561.344 4665.739387643714 6.368318849426474e+26 4.718811353292819e+26
#561.345 4665.739387643714 6.286307595652891e+26 5.32623619980707e+26
#562.426 4665.739387643714 7.659960113772142e+26 4.377078638663135e+26
#564.206 4665.739387643714 6.992320596890692e+26 1.658371682556471e+26
#564.207 4665.739387643714 5.3556748303225094e+26 1.7485748197755703e+26
#567.389 4665.739387643714 6.948532066304122e+26 2.1485955829764197e+26
#567.39 4665.739387643714 5.4506903368229616e+26 1.6091265752773676e+26
#571.216 4665.739387643714 9.846424926897654e+26 2.6734685140516232e+26
#574.357 4665.739387643714 8.516756750261279e+26 1.9600543390430178e+26
#576.25 4665.739387643714 9.691854501544371e+26 1.7828002039745546e+26
#576.25 4665.739387643714 7.21690507827442e+26 1.7354488553800956e+26
#577.232 4665.739387643714 2.6626607868010694e+26 2.6290946405826298e+26
#577.234 4665.739387643714 4.8331866909454495e+26 1.990938279144581e+26
#577.249 4665.739387643714 1.0245018567157005e+27 2.334191872461422e+26
#578.237 4665.739387643714 3.403359987214394e+26 2.2123909194016008e+26
#579.219 4665.739387643714 4.6204089126608994e+26 1.9501920697716185e+26
#579.221 4665.739387643714 9.347845814313793e+26 2.3510905074438122e+26
#579.232 4665.739387643714 5.9287861220572033e+26 2.476798988798902e+26
#579.234 4665.739387643714 3.524144587864304e+26 2.4936283301751954e+26
#580.253 4665.739387643714 7.444904781936835e+26 2.3952879302985374e+26
#580.254 4665.739387643714 7.53146215001769e+26 1.9795637010221837e+26
#580.271 4665.739387643714 9.500397756679257e+26 2.3349715011065155e+26
#581.213 4665.739387643714 4.838972728969224e+26 2.1630585035229724e+26
#581.233 4665.739387643714 5.667196182586698e+26 2.855399470488167e+26
#584.269 4665.739387643714 8.425261281125124e+26 3.703772570137826e+26
#584.269 4665.739387643714 6.905430937721247e+26 4.62654902490878e+26
#585.27 4665.739387643714 7.853967436605239e+26 5.061158827922985e+26
#585.271 4665.739387643714 7.230732017613515e+26 5.9521279252217845e+26
#590.27 4665.739387643714 7.11711143493806e+26 4.2996157946113716e+26
#590.271 4665.739387643714 9.097424371214961e+26 3.891680426292423e+26
#591.17 4665.739387643714 9.895366547430723e+26 2.4252291136208937e+26
#591.196 4665.739387643714 7.144164281566927e+26 2.1717690010176764e+26
#591.249 4665.739387643714 9.412681212550291e+26 2.6046830932914123e+26
#591.25 4665.739387643714 9.01803837936979e+26 2.3519644076301434e+26
#592.169 4665.739387643714 7.720787323148995e+26 2.5703277193599492e+26
#592.19 4665.739387643714 8.261908944940435e+26 1.7619982129957514e+26
#593.205 4665.739387643714 4.091806660273685e+26 1.586822713530147e+26
#593.206 4665.739387643714 4.055321137760497e+26 1.7772297097630546e+26
#593.211 4665.739387643714 9.948993547216374e+26 2.3517386948674537e+26
#594.193 4665.739387643714 3.9852708835596645e+26 1.977765924948809e+26
#594.206 4665.739387643714 7.316225197184354e+26 2.4294476889009096e+26
#595.19 4665.739387643714 8.726122859340279e+26 1.94741375993235e+26
#595.201 4665.739387643714 5.667733918036495e+26 1.604242371751094e+26
#595.204 4665.739387643714 6.818887485110717e+26 1.696409241552511e+26
#595.229 4665.739387643714 6.048332652508676e+26 1.8907848768215067e+26
#596.223 4665.739387643714 3.6126149486574425e+26 1.398962728632528e+26
#596.224 4665.739387643714 7.160839688042172e+26 1.813175769166974e+26
#596.225 4665.739387643714 6.640559930873118e+26 1.9967746991209592e+26
#598.189 4665.739387643714 5.503355268287912e+26 1.4086530279521032e+26
#598.19 4665.739387643714 6.514821229308522e+26 1.8105319222940163e+26
#598.232 4665.739387643714 7.034509220388285e+26 1.9269889666502272e+26
#599.204 4665.739387643714 6.849062349925178e+26 1.7261005730492513e+26
#599.205 4665.739387643714 8.383291293443223e+26 2.0605420262655585e+26
#599.206 4665.739387643714 7.637219106553966e+26 2.0883277658789123e+26
#600.277 4665.739387643714 9.377390655646e+26 2.3524107235936026e+26
#600.294 4665.739387643714 4.94809027662017e+26 1.5505881053156547e+26
#600.296 4665.739387643714 6.795760453659751e+26 1.851452321397617e+26
#603.25 4665.739387643714 8.672027278240021e+26 2.0710360696929464e+26
#603.271 4665.739387643714 4.624070805898818e+26 1.5368847727755808e+26
#603.282 4665.739387643714 7.228655099036341e+26 1.352786554420384e+26
#603.283 4665.739387643714 3.0142114530317663e+26 1.2654205800191383e+26
#603.286 4665.739387643714 4.570839883587564e+26 1.874563092130156e+26
#604.27 4665.739387643714 7.863586330892271e+26 1.8458531276482853e+26
#604.271 4665.739387643714 6.671352213609238e+26 2.048715252383399e+26
#605.165 4665.739387643714 6.14741879338843e+26 2.302484600970535e+26
#605.256 4665.739387643714 9.134601026179364e+26 2.850944640656123e+26
#606.274 4665.739387643714 3.3104241495575386e+26 2.1782384049924517e+26
#606.275 4665.739387643714 7.284807822311475e+26 2.388714401555798e+26
#606.276 4665.739387643714 5.159354419861833e+26 1.7239756194452318e+26
#606.277 4665.739387643714 4.026250872097582e+26 1.8999508806649825e+26
#609.213 4665.739387643714 2.4360452897864722e+26 2.052258577780314e+26
#609.213 4665.739387643714 7.316726938021094e+26 3.0963878254701186e+26
#609.214 4665.739387643714 4.612901713270143e+26 2.3038948544382454e+26
#609.214 4665.739387643714 7.287100040118563e+26 3.0225984854315707e+26
#612.136 4665.739387643714 5.5958065637894155e+26 2.789936918803765e+26
#612.137 4665.739387643714 5.04342759438409e+26 2.4950457130696366e+26
#612.15 4665.739387643714 4.921868828265811e+26 3.1362859137404754e+26
#612.167 4665.739387643714 7.410699533985381e+26 3.093296776618891e+26
#639.278 4665.739387643714 8.090291122015135e+26 5.482020169088567e+26
#639.288 4665.739387643714 -1.1382032391532145e+26 1.0199259480598448e+27
#640.156 4665.739387643714 6.864803416652381e+26 1.1541925517424779e+27
#640.183 4665.739387643714 7.222980638093327e+26 2.3403190100213323e+26
#640.184 4665.739387643714 5.332005150783181e+26 2.326293923400743e+26
#644.191 4665.739387643714 9.156241628357053e+26 4.619588640795078e+26
#644.192 4665.739387643714 6.865762323585991e+26 4.5348640706255396e+26
#644.193 4665.739387643714 5.440472291671613e+26 3.8389332725312754e+26
#654.161 4665.739387643714 6.955434291165283e+26 2.1234247711527744e+26
#654.162 4665.739387643714 7.484044249909961e+26 2.2013357313460032e+26
#656.208 4665.739387643714 5.2221464468343126e+26 2.188308179085229e+26
#662.192 4665.739387643714 4.6331325557328966e+26 2.5743365992049645e+26
#662.193 4665.739387643714 4.50831257045289e+26 1.592142992961114e+26
#663.153 4665.739387643714 5.499818328983675e+26 2.2672702757428064e+26
#663.165 4665.739387643714 4.687542837775209e+26 1.865861869792749e+26
#663.165 4665.739387643714 6.726454589444346e+26 1.558746405527794e+26
#663.166 4665.739387643714 1.0326088592360863e+26 2.2961796796649943e+26
#663.172 4665.739387643714 1.7815786546825477e+26 2.1213191183694095e+26
#663.172 4665.739387643714 5.9817775151759875e+26 1.6432971801563067e+26
#663.188 4665.739387643714 1.842279649733624e+26 2.5677923340829072e+26
#664.17 4665.739387643714 1.67115617303356e+26 1.8438954377668887e+26
#664.171 4665.739387643714 6.236947328354738e+26 1.6234837042990185e+26
#665.192 4665.739387643714 4.546918605005154e+26 2.3087300662105574e+26
#666.217 4665.739387643714 1.131022330885983e+27 4.53254419435381e+26
#666.225 4665.739387643714 1.113724445071495e+27 3.182400164910793e+26
#666.227 4665.739387643714 4.431471172585576e+26 3.955014784247311e+26
#667.193 4665.739387643714 5.1464273923454926e+26 3.0997875426797564e+26
#667.202 4665.739387643714 3.735349191558354e+26 1.824820875393858e+26
#671.233 4665.739387643714 2.636079736584728e+26 4.874374866814915e+26
#671.235 4665.739387643714 4.600905179219423e+25 3.9999659714834696e+26
#674.149 4665.739387643714 9.032779305469193e+26 4.579668947566577e+26
#675.217 4665.739387643714 7.489699019905895e+26 4.874928901171727e+26
#677.152 4665.739387643714 9.778800724185908e+26 5.7097866729248476e+26
#679.232 4665.739387643714 -4.922902513245824e+26 3.4886067983293696e+26
#681.156 4665.739387643714 7.142392341108965e+26 3.215505367736243e+26
#824.509 4665.739387643714 4.394298408756351e+26 3.865336854247949e+26
#824.525 4665.739387643714 6.505153651738518e+26 3.8748371025906116e+26
#826.486 4665.739387643714 6.25485059482176e+26 4.05183930313542e+26
#828.45 4665.739387643714 2.924364769230235e+26 5.0361637561783956e+26
#828.467 4665.739387643714 9.715396212738338e+26 4.7802167710131034e+26
#830.487 4665.739387643714 3.6071171188382457e+26 2.9741033861817354e+26
#835.474 4665.739387643714 6.309053227975279e+26 2.3217285922468782e+26
#837.456 4665.739387643714 5.0373943871199614e+26 2.0850714590339643e+26
#837.465 4665.739387643714 -2.0882442877757244e+26 1.7745274534220827e+26
#839.445 4665.739387643714 3.6719903298761784e+26 2.48258404626169e+26
#841.476 4665.739387643714 -4.291289477604496e+25 1.6310794424053582e+26
#841.476 4665.739387643714 6.089312875128247e+26 1.9511377899906947e+26
#843.509 4665.739387643714 8.135219137632278e+26 2.1320942363934686e+26
#843.511 4665.739387643714 3.3188646544290114e+26 1.3448445158548613e+26
#845.457 4665.739387643714 7.218567883948467e+26 2.4416098455196578e+26
#845.468 4665.739387643714 -9.617706036474528e+24 1.4397064518410809e+26
#849.514 4665.739387643714 -2.573857904146835e+25 1.9542802596588425e+26
#849.515 4665.739387643714 4.746128664869239e+26 2.0879075674783128e+26
#850.452 4665.739387643714 9.572312908784845e+25 2.2035143177356106e+26
#850.507 4665.739387643714 7.212447018680935e+26 2.142190251952263e+26
#852.541 4665.739387643714 5.705032096970521e+26 2.641051556169217e+26
#855.507 4665.739387643714 9.586522135077077e+26 3.666875772305668e+26
#855.507 4665.739387643714 -4.467101024207435e+26 2.7336206810169583e+26
#856.484 4665.739387643714 6.357603788074045e+26 3.856547268628224e+26
#857.506 4665.739387643714 -4.645537246365285e+25 3.086367238209024e+26
#858.483 4665.739387643714 3.191506601804917e+26 3.929812236518027e+26
#863.441 4665.739387643714 2.1454141573554545e+26 1.792280934849657e+26
#865.456 4665.739387643714 2.1705188632641883e+26 1.6417107303803536e+26
#868.465 4665.739387643714 7.246632443586203e+26 2.4259839028905827e+26
#868.465 4665.739387643714 5.371753609202927e+26 1.5113561982469634e+26
#870.443 4665.739387643714 7.151866216745303e+26 2.1461286327855314e+26
#870.443 4665.739387643714 -1.6958540117688623e+26 1.5064270153140824e+26
#873.444 4665.739387643714 8.103451974739391e+26 2.1891431106037336e+26
#875.446 4665.739387643714 1.1103115143899578e+25 4.546547898744162e+26
#875.448 4665.739387643714 3.2737392372468034e+26 4.029575062977225e+26
#877.511 4665.739387643714 4.7105568814571096e+26 2.4130460346149413e+26
#880.499 4665.739387643714 3.1287905297638955e+26 2.3011665587926192e+26
#880.5 4665.739387643714 4.094216704166774e+26 3.2794050260922414e+26
#882.528 4665.739387643714 3.383483717928942e+26 3.589835487593395e+26
#882.546 4665.739387643714 4.041942780694191e+26 3.246434585276291e+26
#884.429 4665.739387643714 3.542720681096659e+26 4.0492655240675334e+26
#885.444 4665.739387643714 2.7708978875743253e+26 3.760453741379332e+26
#889.487 4665.739387643714 2.246024505754941e+26 4.06856503538029e+26
#892.383 4665.739387643714 6.992841336456036e+26 2.6905602392513208e+26
#892.427 4665.739387643714 4.347797159085314e+26 3.1303250698185454e+26
#894.403 4665.739387643714 7.077299896420037e+26 2.6561864710556595e+26
#894.403 4665.739387643714 1.0624085773606694e+26 2.011351949040645e+26
#894.418 4665.739387643714 7.301752211478242e+26 2.7560714903952662e+26
#894.419 4665.739387643714 2.9938762338910044e+26 2.1683766597107957e+26
#894.458 4665.739387643714 2.2849129373133492e+26 1.362249895149716e+26
#894.458 4665.739387643714 3.0790926784599225e+26 2.18420218308175e+26
#896.413 4665.739387643714 3.874809183128496e+26 2.1086557441761123e+26
#896.414 4665.739387643714 3.802126980279514e+26 2.9393251763556046e+26
#896.419 4665.739387643714 1.4741228539157463e+25 2.9631720424371867e+26
#896.419 4665.739387643714 5.313868661253965e+26 1.9682703798285277e+26
#896.455 4665.739387643714 3.7371179225086076e+26 2.2494373261333948e+26
#896.457 4665.739387643714 1.8065198425389013e+26 2.8358834163951395e+26
#898.354 4665.739387643714 6.043967880588569e+25 1.8617298291281577e+26
#898.379 4665.739387643714 -3.283085886143677e+25 1.6930927480828375e+26
#898.417 4665.739387643714 1.962539563302019e+26 1.4970911478305484e+26
#899.358 4665.739387643714 3.9948978719124926e+26 1.6941789316874897e+26
#899.359 4665.739387643714 5.692355598584077e+26 1.9379438098679526e+26
#899.422 4665.739387643714 6.880552299329519e+26 2.421191910968969e+26
#900.307 4665.739387643714 3.9814118267677165e+26 2.3138178697351976e+26
#900.433 4665.739387643714 8.532540156034453e+25 2.355604882325215e+26
#902.34 4665.739387643714 3.243780339509379e+26 2.2398348852883695e+26
#902.374 4665.739387643714 5.5182904293244e+26 2.5902507728514804e+26
#902.486 4665.739387643714 2.7755287105821936e+26 2.0191056483998618e+26
#903.345 4665.739387643714 6.132222521234345e+26 2.091224758127953e+26
#903.374 4665.739387643714 5.767263017277019e+26 2.3647082329071686e+26
#903.414 4665.739387643714 3.418494552134628e+25 1.743403400724138e+26
#904.321 4665.739387643714 1.749380992701614e+26 1.8888262399189078e+26
#904.333 4665.739387643714 1.9841489902528407e+26 1.4731340345431124e+26
#904.457 4665.739387643714 -7.3703499214612556e+25 1.611828049880581e+26
#905.303 4665.739387643714 2.552211339437852e+26 1.8589324109775526e+26
#905.359 4665.739387643714 4.571957720538231e+26 1.885800809028066e+26
#905.382 4665.739387643714 2.1693040701571674e+24 1.6434391186178003e+26
#905.421 4665.739387643714 1.5448397265560872e+27 3.9585628323487554e+26
#906.371 4665.739387643714 -9.616977668944664e+25 5.16072887270804e+26
#906.399 4665.739387643714 6.819793774326443e+26 3.3558789557902646e+26
#910.226 4665.739387643714 2.1087812454893707e+26 6.832678623594137e+26
#910.256 4665.739387643714 5.66263955037428e+26 4.729717440560933e+26
#916.434 4665.739387643714 4.570232302270005e+26 3.975199921184978e+26
#916.446 4665.739387643714 2.5927922664771604e+26 4.214381676167603e+26
#916.447 4665.739387643714 -5.856064837931703e+25 3.365726042633548e+26
#916.525 4665.739387643714 1.6478159064578428e+26 5.913862532245589e+26
#917.458 4665.739387643714 -1.823019593448521e+26 2.6170442525889378e+26
#918.267 4665.739387643714 3.51868392892931e+26 2.6024397542682208e+26
#918.322 4665.739387643714 -1.2720925430929177e+26 4.52821335857901e+26
#918.331 4665.739387643714 3.4331909828117594e+26 4.372769585029702e+26
#918.466 4665.739387643714 -4.175694270608382e+25 2.7640964471185718e+26
#918.467 4665.739387643714 3.361053161166891e+26 2.3885120932463334e+26
#919.435 4665.739387643714 1.6591365285324694e+26 2.1606390117521135e+26
#919.436 4665.739387643714 2.212108458573561e+26 2.856434820104911e+26
#920.331 4665.739387643714 4.090616643098336e+26 1.8254662557089533e+26
#920.343 4665.739387643714 3.755893847533807e+26 2.256164762010876e+26
#920.367 4665.739387643714 6.973513150756892e+26 3.657286655829266e+26
#921.311 4665.739387643714 1.4617659393390045e+26 1.6842679415312406e+26
#921.382 4665.739387643714 3.0356423521477186e+26 1.8172764524844364e+26
#921.388 4665.739387643714 -4.879364755481334e+26 1.7348366456388806e+26
#922.308 4665.739387643714 -2.8557331701571426e+26 1.5070801529906294e+26
#922.308 4665.739387643714 5.1676188865721806e+26 1.933687139565297e+26
#922.382 4665.739387643714 5.934813266652258e+26 2.132552132682102e+26
#922.416 4665.739387643714 3.702902857471679e+26 1.70250273932085e+26
#923.324 4665.739387643714 5.5465316229778084e+26 2.536497997389475e+26
#923.325 4665.739387643714 2.3546937266946056e+26 1.629683490217343e+26
#923.396 4665.739387643714 5.843709885547525e+26 1.9972503317185473e+26
#923.417 4665.739387643714 3.886077312706498e+26 1.688774013575569e+26
#924.347 4665.739387643714 5.332366758627186e+26 1.8259479036612725e+26
#924.42 4665.739387643714 2.8953289343526066e+26 2.1684330954866174e+26
#924.421 4665.739387643714 3.420933046483905e+26 1.9393003273942464e+26
#924.435 4665.739387643714 -1.8447411894609948e+26 2.040119815928406e+26
#924.435 4665.739387643714 1.0662175998625448e+26 2.2937969380448817e+26
#925.235 4665.739387643714 6.727242769017522e+26 2.424373132481073e+26
#925.457 4665.739387643714 2.7253056533704552e+26 2.6753547263070643e+26
#926.305 4665.739387643714 -2.2182055346514203e+25 1.5364315160936515e+26
#926.338 4665.739387643714 4.82626302760591e+26 2.5649869276591803e+26
#926.349 4665.739387643714 5.733713882953044e+26 2.7175901454255625e+26
#926.35 4665.739387643714 2.4730339509620045e+26 1.819981688811374e+26
#926.385 4665.739387643714 5.1362774904400266e+26 2.225178787111675e+26
#926.451 4665.739387643714 2.9888896253954147e+26 2.0306019860349742e+26
#927.218 4665.739387643714 2.7402343874181264e+26 1.746737678277072e+26
#927.417 4665.739387643714 5.8721995690025485e+26 3.33194106740217e+26
#927.422 4665.739387643714 4.7789653550406615e+26 2.0056962758903784e+26
#927.423 4665.739387643714 -9.489868440252988e+24 1.5753717480026686e+26
#928.266 4665.739387643714 1.01532831232737e+26 1.711982793898462e+26
#928.278 4665.739387643714 2.3818289366165542e+26 1.6972556826698818e+26
#928.279 4665.739387643714 5.4611054487803634e+26 1.595494699532221e+26
#928.403 4665.739387643714 1.8924855794425913e+26 1.843691248911883e+26
#928.404 4665.739387643714 5.027210290413564e+25 2.0908001494822222e+26
#928.426 4665.739387643714 2.375649809301882e+26 1.395974492759616e+26
#929.301 4665.739387643714 6.363474701487611e+26 2.7265022482598376e+26
#929.302 4665.739387643714 4.68158492923674e+26 2.283655319585714e+26
#929.375 4665.739387643714 3.966251424368459e+26 3.444240355156573e+26
#929.441 4665.739387643714 2.1791422734899533e+26 2.2456438242985727e+26
#930.347 4665.739387643714 3.884781028655067e+26 1.738835360986652e+26
#930.414 4665.739387643714 2.5107111796432993e+26 1.5715571432342824e+26
#930.415 4665.739387643714 1.8538321854173145e+26 1.8928578788976527e+26
#931.247 4665.739387643714 1.334458091210837e+26 2.6948554522994265e+26
#931.26 4665.739387643714 6.386623202729893e+26 2.010239627251951e+26
#932.284 4665.739387643714 2.3656913052837856e+26 1.5846753588044176e+26
#932.382 4665.739387643714 6.21945742464595e+26 2.0057215130198058e+26
#932.395 4665.739387643714 3.362587383051479e+26 1.4349271376721575e+26
#932.396 4665.739387643714 5.007481951245605e+26 1.7552819422292443e+26
#933.362 4665.739387643714 6.444368032199259e+26 2.7812429741863248e+26
#933.363 4665.739387643714 5.576108845314862e+25 1.7426219785290623e+26
#948.228 4665.739387643714 2.061992220622139e+26 1.6106734673243505e+26
#948.265 4665.739387643714 -1.2836804064061676e+25 1.7511291020093988e+26
#950.26 4665.739387643714 6.070018082434867e+26 2.7675682830909467e+26
#950.261 4665.739387643714 -7.762871105527789e+25 1.8385564174587083e+26
#952.267 4665.739387643714 3.106693702313578e+26 1.3325196051567988e+26
#952.267 4665.739387643714 6.090110789882802e+26 1.8682260696223266e+26
#954.227 4665.739387643714 2.5626052073478973e+26 1.7812708651357375e+26
#954.232 4665.739387643714 4.54467490300221e+26 2.1291008645903755e+26
#956.322 4665.739387643714 2.4632172740167954e+26 1.6486524283379435e+26
#960.193 4665.739387643714 2.2425578640792745e+26 1.865166880226086e+26
#960.276 4665.739387643714 2.768138534662436e+26 2.5276390703933378e+26
#963.276 4665.739387643714 3.8019907945981674e+26 3.307503596331429e+26
#963.277 4665.739387643714 6.956524158110782e+25 2.1810907877011925e+26
#965.202 4665.739387643714 2.575415096188601e+26 2.2310606565536547e+26
#965.392 4665.739387643714 2.3944099042101073e+26 1.637279585164641e+26
#967.277 4665.739387643714 3.225437944393067e+26 3.315707089683606e+26
#967.277 4665.739387643714 2.5771479834615773e+26 2.679740532753303e+26
#971.227 4665.739387643714 3.3748412939642204e+26 4.288381927078247e+26
#971.227 4665.739387643714 4.815686808307332e+26 5.329338048040331e+26
#973.174 4665.739387643714 4.807530576843732e+26 5.0025976673635917e+26
#973.174 4665.739387643714 2.8329992413699947e+26 4.3698476862360604e+26
#975.173 4665.739387643714 7.616427269382672e+26 2.4207003472134535e+26
#975.173 4665.739387643714 5.648071521758653e+26 1.4603792656192929e+26
#978.213 4665.739387643714 2.8547446711559026e+26 2.2266226399909965e+26
#978.235 4665.739387643714 3.6767419830406856e+26 2.5068493863828852e+26
#993.153 4665.739387643714 3.9962215399552765e+26 2.2867428104137186e+26
#993.154 4665.739387643714 -3.071716207585098e+25 1.9890821019441223e+26
#1001.21 4665.739387643714 -2.6568573329612785e+24 4.289908891551629e+26
#1003.2 4665.739387643714 1.738371857848311e+26 2.605969606758072e+26
#1003.22 4665.739387643714 9.70683610274252e+25 3.729320256206633e+26
#1006.18 4665.739387643714 1.1439513186215719e+26 1.3619091282589175e+26
#1006.18 4665.739387643714 4.6645551833512296e+26 1.7960243852067945e+26
#1008.25 4665.739387643714 2.667009509198479e+26 1.8527254019255203e+26
#1008.25 4665.739387643714 1.4792496649425475e+26 2.1678928970415e+26
#1010.22 4665.739387643714 2.3680883324869924e+26 3.0112245764358295e+26
#1010.22 4665.739387643714 1.9761312884165804e+25 2.055013249402022e+26
#1012.21 4665.739387643714 7.52453880393587e+26 2.249965084403184e+26
#1014.22 4665.739387643714 2.637537686018041e+26 2.072160004196321e+26
#1014.22 4665.739387643714 -7.634958860415159e+25 1.8011862405004842e+26
#1016.22 4665.739387643714 1.442827384106137e+26 1.9494727489794076e+26
#1016.22 4665.739387643714 2.8549858043905025e+26 1.684516999987789e+26
#1019.17 4665.739387643714 3.3772602972933e+26 2.0268741610990955e+26
#1019.17 4665.739387643714 -2.0009472743626678e+25 1.6000703009865188e+26
#1028.2 4665.739387643714 7.291445211677023e+26 4.156724914047058e+26
#1036.22 4665.739387643714 -2.6394172771897937e+25 1.9419281152292884e+26
#1036.22 4665.739387643714 2.569726279149269e+26 2.419333752588229e+26
#1038.18 4665.739387643714 7.363740944169525e+25 2.192044760208189e+26
#1040.17 4665.739387643714 1.9885616958075168e+26 2.3600307048808303e+26
#1042.22 4665.739387643714 4.976154820268967e+25 2.8049321703098122e+26
#1044.19 4665.739387643714 4.605362900303014e+26 2.464296465849361e+26
#1177.48 4665.739387643714 5.578477470436222e+26 5.8994237560286354e+26
#1179.49 4665.739387643714 8.63253360021525e+25 4.5286754374043655e+26
#1189.49 4665.739387643714 1.9446095320242472e+26 2.2477733879495e+26
#1200.46 4665.739387643714 2.9469863917330867e+26 2.2898034054876365e+26
#1200.46 4665.739387643714 -7.922901828207413e+25 2.497641599278379e+26
#1203.48 4665.739387643714 3.788771612175105e+26 2.743339792361087e+26
#1209.5 4665.739387643714 5.9601312245595096e+26 3.2288065989154144e+26
#1217.5 4665.739387643714 6.359816537762517e+26 2.0951235873132923e+26
#1218.36 4665.739387643714 2.493168818754912e+26 1.8464121650592604e+26
#1218.36 4665.739387643714 3.9097994653471866e+26 2.1721351553675718e+26
#1221.5 4665.739387643714 9.110348251537513e+26 2.1329131428570793e+26
#1222.46 4665.739387643714 -5.060883368164395e+25 1.7831862121574032e+26
#1224.51 4665.739387643714 -1.1563441722583771e+26 1.5195661368313399e+26
#1225.47 4665.739387643714 2.8214265102772388e+26 1.7077581104425367e+26
#1226.45 4665.739387643714 2.5959301300572357e+26 1.1960672947088668e+26
#1227.48 4665.739387643714 7.467912023895523e+26 2.24966165689971e+26
#1229.39 4665.739387643714 3.476884214202987e+26 2.0802511814525653e+26
#1231.38 4665.739387643714 3.99177147540178e+26 1.7249215291665833e+26
#1232.49 4665.739387643714 4.6190083962260784e+26 1.868787882930987e+26
#1238.39 4665.739387643714 -4.845607950877652e+25 4.121841997267491e+26
#1238.41 4665.739387643714 5.172927421405857e+26 3.936063659741279e+26
#1250.28 4665.739387643714 -2.608111408092401e+26 3.094413061072875e+26
#1250.31 4665.739387643714 3.235312149056111e+26 2.1630825628475706e+26
#1327.31 4665.739387643714 2.9139388484364476e+26 6.620022126057093e+26
#1327.31 4665.739387643714 -3.403129402623352e+26 7.352259381912813e+26
#1329.39 4665.739387643714 -6.221987454430516e+25 5.023162551681218e+26
#1329.39 4665.739387643714 3.052678454659848e+26 4.7143746811563156e+26
#1336.19 4665.739387643714 -2.122667066022641e+26 1.9060488512379875e+26
#1338.34 4665.739387643714 5.751704428616964e+26 4.162755737021961e+26
#1340.3 4665.739387643714 -1.4547469633756142e+26 1.7759530497448465e+26
#1372.15 4665.739387643714 2.0349628757300293e+26 1.9455542652176705e+26
#1372.15 4665.739387643714 3.950568726532284e+24 1.80036747670236e+26
#1374.18 4665.739387643714 -9.99373195082767e+25 1.607281787130094e+26
#1374.18 4665.739387643714 4.1540578483998626e+26 2.0781611935911147e+26
#1376.19 4665.739387643714 3.7175504493498174e+26 3.0102232171392278e+26
#1376.2 4665.739387643714 -1.0394400723917296e+26 2.281730595486312e+26
#1382.17 4665.739387643714 4.087674694836634e+26 4.496559088038041e+26
#1384.27 4665.739387643714 9.144655545038919e+26 6.442050927932022e+26
#1387.18 4665.739387643714 3.066386957067292e+26 3.4571200765553016e+26
#1389.16 4665.739387643714 8.01892066728405e+25 3.892130022354751e+26
#1393.22 4665.739387643714 -3.298351930316372e+25 3.137175651344654e+26
#1395.17 4665.739387643714 4.288596919678764e+25 2.4576098715223773e+26
#1395.19 4665.739387643714 -7.914030288769462e+25 1.8630574401157736e+26
#1397.2 4665.739387643714 -1.0214897081945247e+26 1.8598758692996738e+26
#1397.2 4665.739387643714 5.389874109351028e+26 2.4353866188078957e+26
#1400.19 4665.739387643714 4.9131118292468475e+26 2.9272090808881142e+26
#1403.18 4665.739387643714 3.773830300421305e+26 3.198812159769605e+26
#1410.18 4665.739387643714 -1.0932827211248325e+26 3.981542627567595e+26
#1410.18 4665.739387643714 -1.384390790316331e+26 3.3370930348717244e+26
#1412.19 4665.739387643714 3.885536333452544e+26 4.574715450461889e+26
#-72.8399 6094.8054768150905 -4.586568506381109e+26 2.903595072226515e+26
#-52.7802 6094.8054768150905 -4.556265028794515e+26 2.8870768870664384e+26
#69.5216 6094.8054768150905 -6.683766122190936e+26 6.1427153528514394e+26
#72.5165 6094.8054768150905 -3.938224153328847e+26 3.4789690128360136e+26
#78.5084 6094.8054768150905 -1.890885238269426e+26 3.100933985900822e+26
#128.496 6094.8054768150905 9.285995415828266e+26 2.4343403809468335e+26
#132.392 6094.8054768150905 5.141149574935974e+26 2.9801702813123125e+26
#134.46 6094.8054768150905 9.379208968016249e+26 3.84745382323984e+26
#139.353 6094.8054768150905 -3.423152829100531e+24 2.3430744581334582e+26
#140.503 6094.8054768150905 1.0410904606047958e+27 3.311341220111145e+26
#143.396 6094.8054768150905 -1.1982119659814427e+26 3.168950681779453e+26
#143.44 6094.8054768150905 5.427189058340814e+26 3.859043597631755e+26
#147.419 6094.8054768150905 1.1939229239010478e+26 4.344852715713419e+26
#147.503 6094.8054768150905 5.640956608647441e+24 3.86422589247988e+26
155.455 6094.8054768150905 -1.5165830939981892e+25 2.3656988180077408e+26
155.499 6094.8054768150905 3.235536392029789e+24 2.6882582466006575e+26
164.297 6094.8054768150905 2.822468597860142e+26 2.9758884672326157e+26
172.428 6094.8054768150905 -1.0222378217184895e+27 4.073564683419884e+26
180.423 6094.8054768150905 7.650158319059017e+26 2.9083034241465624e+26
181.425 6094.8054768150905 6.658676442965749e+26 2.7003890703915103e+26
186.453 6094.8054768150905 -1.5082218016362082e+26 2.8783730297845856e+26
202.42 6094.8054768150905 -1.3845378202964307e+26 9.32636579538844e+26
205.38 6094.8054768150905 6.248166147129517e+26 1.0114745479538683e+27
206.263 6094.8054768150905 -2.5201900726905134e+26 5.151587813743976e+26
206.279 6094.8054768150905 2.256681917610168e+26 4.305192660214422e+26
206.346 6094.8054768150905 -2.335379465271119e+25 4.021770404053866e+26
206.396 6094.8054768150905 -5.630393908920314e+26 4.410461137061222e+26
206.413 6094.8054768150905 2.635550434067186e+26 5.784908187362105e+26
206.424 6094.8054768150905 -2.1735842363026826e+26 6.898703204648307e+26
208.287 6094.8054768150905 2.89800440221478e+26 3.1684412302683785e+26
209.287 6094.8054768150905 -2.9011370711733913e+26 2.997000823772212e+26
211.216 6094.8054768150905 -2.7356144723529484e+26 2.4892935355921676e+26
211.218 6094.8054768150905 -1.783955000423919e+26 2.613711549207556e+26
211.223 6094.8054768150905 -2.2288058532864035e+26 2.627054697288982e+26
211.228 6094.8054768150905 -2.1977221984905286e+26 2.5429915758186575e+26
211.23 6094.8054768150905 -1.8477345963145302e+26 2.402729158559554e+26
211.253 6094.8054768150905 -2.926177190347995e+26 2.454782806239839e+26
211.264 6094.8054768150905 -5.2962124589348805e+25 2.4255473503226117e+26
211.267 6094.8054768150905 -2.810324229627551e+26 2.0045429919331138e+26
211.27 6094.8054768150905 -1.8052433989690658e+26 2.5679002875910728e+26
211.273 6094.8054768150905 1.141498763710077e+26 2.5273589000442364e+26
211.276 6094.8054768150905 -9.514913535072905e+25 2.256356083555958e+26
211.28 6094.8054768150905 -1.0813813164211304e+26 2.192564059113034e+26
211.283 6094.8054768150905 -5.080777272760121e+24 2.1187883449677902e+26
211.286 6094.8054768150905 1.010364800710964e+26 2.2820619812242014e+26
211.29 6094.8054768150905 -2.00133787644655e+26 2.1254631520866457e+26
211.293 6094.8054768150905 -2.4734383885418343e+26 2.770548833031348e+26
211.296 6094.8054768150905 3.401364265218695e+25 2.9381147845576793e+26
211.3 6094.8054768150905 7.254648475686999e+25 2.7849785687757145e+26
211.307 6094.8054768150905 -1.3659093450415568e+26 2.5176436471462702e+26
211.318 6094.8054768150905 -1.669960249680943e+25 2.347385128466764e+26
211.322 6094.8054768150905 -1.3459312881412609e+26 2.165132205536754e+26
211.325 6094.8054768150905 -2.3627057253923715e+26 2.0690557127262797e+26
211.329 6094.8054768150905 -1.7114827266401434e+26 2.1395159337460634e+26
211.332 6094.8054768150905 2.4386709848882714e+25 2.0292867279023124e+26
211.336 6094.8054768150905 9.162830392160588e+25 2.3283603797139298e+26
211.339 6094.8054768150905 1.1711226683851196e+26 2.450435074472967e+26
211.343 6094.8054768150905 -1.741383112944237e+26 2.1015175356191348e+26
211.346 6094.8054768150905 -1.8984210150996387e+26 2.1191425955241037e+26
211.35 6094.8054768150905 -1.9523484195635435e+26 2.3243875088617012e+26
211.353 6094.8054768150905 -2.1166290934891135e+26 2.1037895961551856e+26
211.357 6094.8054768150905 1.7701792626686718e+26 2.515516301597289e+26
211.36 6094.8054768150905 8.997063920804977e+25 2.4209010641444824e+26
211.364 6094.8054768150905 -1.7555168211015983e+26 2.5215737845374017e+26
211.371 6094.8054768150905 -8.043775473618989e+25 2.7913572262560833e+26
211.374 6094.8054768150905 7.871060431838415e+25 2.544016449656127e+26
212.261 6094.8054768150905 1.5495789809992344e+27 3.895172979257359e+26
212.264 6094.8054768150905 7.342985848370149e+26 6.720380302341626e+26
212.318 6094.8054768150905 -1.1088946773611425e+27 4.347483647439864e+26
213.365 6094.8054768150905 5.275596938359638e+26 4.964043748074673e+26
213.368 6094.8054768150905 -1.3813799766186542e+27 5.019095538719487e+26
214.214 6094.8054768150905 -7.973772175131994e+26 2.8430465730679546e+26
214.219 6094.8054768150905 -7.817323279788752e+26 2.937921132561542e+26
214.224 6094.8054768150905 -8.26206149381242e+26 2.7786727426504445e+26
214.229 6094.8054768150905 -1.1224336431480386e+27 2.9601552731814046e+26
214.234 6094.8054768150905 -8.792571097144427e+26 2.9650024987671615e+26
214.236 6094.8054768150905 -1.1404449596967339e+27 3.6515158877230875e+26
214.239 6094.8054768150905 -1.054426741417413e+27 4.115658968582174e+26
214.244 6094.8054768150905 -6.654089552880133e+26 3.423959344439384e+26
214.246 6094.8054768150905 -9.665621035527212e+26 3.0896962215449173e+26
214.256 6094.8054768150905 -9.492526982894736e+26 3.85707731937047e+26
214.259 6094.8054768150905 -8.57600790308737e+26 3.516004376034239e+26
214.265 6094.8054768150905 -1.2566543146160022e+27 4.3687149083327356e+26
214.268 6094.8054768150905 -1.0560147689655848e+27 3.59948647521129e+26
214.272 6094.8054768150905 -1.312255395288176e+27 4.580871252168759e+26
214.278 6094.8054768150905 -9.031590192169282e+26 3.374177012594864e+26
214.288 6094.8054768150905 -1.1178792363458827e+27 3.7374996360295744e+26
214.324 6094.8054768150905 -1.519245334856416e+27 5.846728057214715e+26
214.369 6094.8054768150905 -8.925414325262387e+26 3.76216698414951e+26
222.209 6094.8054768150905 -6.733549200347056e+26 2.7479260683580738e+26
234.316 6094.8054768150905 1.0832998268543049e+28 1.2176185063708344e+27
241.288 6094.8054768150905 1.984176549537234e+28 1.5830527099640142e+27
247.173 6094.8054768150905 2.084870523913102e+28 1.5185935564423334e+27
256.19 6094.8054768150905 2.9323282725612897e+28 1.597191110019672e+27
261.178 6094.8054768150905 3.2837418456143924e+28 1.9971473753117286e+27
267.146 6094.8054768150905 2.8475334760816505e+28 1.752651085908569e+27
272.146 6094.8054768150905 3.3597552224654493e+28 2.6637359749787225e+27
275.15 6094.8054768150905 3.1954455198328993e+28 2.691756557701412e+27
281.154 6094.8054768150905 2.802037754504595e+28 2.0075441244358935e+27
284.157 6094.8054768150905 2.767050849218483e+28 1.8372655794094352e+27
291.138 6094.8054768150905 2.565001648364702e+28 1.9940205457697686e+27
298.151 6094.8054768150905 2.1704696502352045e+28 2.0578871228637652e+27
306.173 6094.8054768150905 1.6593339324864567e+28 1.0955926299887774e+27
309.155 6094.8054768150905 1.5086414185987052e+28 8.20092523190848e+26
317.213 6094.8054768150905 1.4768280914923792e+28 1.0003718225514654e+27
445.485 6094.8054768150905 1.9564670649338837e+27 5.1365655645504467e+26
448.486 6094.8054768150905 1.6700197039213606e+27 6.77464295361557e+26
457.452 6094.8054768150905 2.0308278790467593e+27 3.9202601595292165e+26
469.476 6094.8054768150905 2.2732857069870875e+27 4.995610013688579e+26
485.503 6094.8054768150905 8.800338630013421e+26 2.519940229452107e+26
488.526 6094.8054768150905 9.814215240112915e+26 3.1741887187432084e+26
490.515 6094.8054768150905 9.348537927074605e+26 3.172360813127732e+26
491.518 6094.8054768150905 6.784863377458583e+26 3.382579761935043e+26
495.439 6094.8054768150905 1.0544837209825936e+27 2.9425919701622533e+26
495.439 6094.8054768150905 5.3002736405095986e+26 3.0733114864393752e+26
495.44 6094.8054768150905 5.9775998181578306e+26 3.1482100091108216e+26
495.44 6094.8054768150905 6.498961881072689e+26 2.9696019789562212e+26
495.441 6094.8054768150905 1.2362170014609572e+27 3.1776373487399736e+26
495.441 6094.8054768150905 1.1819051664876617e+27 3.142326232537224e+26
495.442 6094.8054768150905 9.630111298487156e+26 2.819579410294907e+26
495.442 6094.8054768150905 8.773258121169776e+26 2.6474053732019225e+26
495.443 6094.8054768150905 1.2817684943246136e+27 2.846228921754402e+26
495.443 6094.8054768150905 1.3694172307943493e+27 2.864793218483724e+26
495.443 6094.8054768150905 9.03227154226054e+26 3.3380509590566864e+26
495.444 6094.8054768150905 9.902164600183062e+26 2.946869529617979e+26
495.444 6094.8054768150905 9.948851680636814e+26 3.113663028453096e+26
495.445 6094.8054768150905 1.098251891935947e+27 2.9064946925236934e+26
495.445 6094.8054768150905 6.165571233144907e+26 2.8662349070798505e+26
495.446 6094.8054768150905 1.4558081545706172e+27 2.9329294976558535e+26
495.446 6094.8054768150905 1.316936090366417e+27 2.7774140872620805e+26
495.447 6094.8054768150905 1.040401000805569e+27 2.798443267799884e+26
495.447 6094.8054768150905 1.3611782358316908e+27 3.0252291832138135e+26
495.447 6094.8054768150905 9.248212005796546e+26 3.254462874075257e+26
495.448 6094.8054768150905 9.567582436988932e+26 3.236521884467107e+26
495.448 6094.8054768150905 1.1768159790384493e+27 3.299547387560359e+26
495.449 6094.8054768150905 1.1879849242678331e+27 2.9536257204275752e+26
495.449 6094.8054768150905 1.3466336829063373e+27 2.9477866185318283e+26
495.45 6094.8054768150905 9.493605577698992e+26 2.9410894324649797e+26
495.45 6094.8054768150905 8.328649408587286e+26 3.0192210627817886e+26
495.451 6094.8054768150905 9.79927540168034e+26 3.396249584838157e+26
495.451 6094.8054768150905 8.103742593598629e+26 3.5798573211397746e+26
495.452 6094.8054768150905 1.0936909989318875e+27 3.112016332997877e+26
495.452 6094.8054768150905 1.0527627195534306e+27 2.7287342403985487e+26
495.452 6094.8054768150905 1.1554581659526553e+27 2.851278601040614e+26
495.453 6094.8054768150905 1.2105765742442812e+27 2.9753702946499782e+26
495.453 6094.8054768150905 1.5876249882817938e+27 2.773884205199444e+26
495.454 6094.8054768150905 1.356746713233241e+27 2.994216890826452e+26
495.454 6094.8054768150905 1.1880068669286005e+27 2.9755643310459686e+26
495.455 6094.8054768150905 1.5156699846614718e+27 3.082474168327035e+26
495.455 6094.8054768150905 9.106766138312724e+26 2.940465318296955e+26
495.456 6094.8054768150905 1.0780614490351758e+27 3.434649621245116e+26
495.456 6094.8054768150905 1.509179978721516e+27 3.741938158181393e+26
495.457 6094.8054768150905 1.515190744041894e+27 3.0206963818328682e+26
495.457 6094.8054768150905 1.158268343524321e+27 2.9376629934144187e+26
495.457 6094.8054768150905 9.659150826360055e+26 2.781349555706621e+26
495.458 6094.8054768150905 7.414175280592577e+26 2.5417532521770098e+26
495.458 6094.8054768150905 8.534269504806886e+26 3.137042100875426e+26
495.459 6094.8054768150905 8.849197171601996e+26 2.9687190002867845e+26
495.459 6094.8054768150905 1.1449674892727296e+27 3.154903213439152e+26
495.46 6094.8054768150905 1.3598249443687112e+27 3.287150602340083e+26
495.46 6094.8054768150905 1.1189951344775571e+27 3.0185462486309627e+26
495.461 6094.8054768150905 1.0013639160750927e+27 3.123340322870147e+26
495.461 6094.8054768150905 8.536294571898838e+26 3.1308475856433056e+26
495.462 6094.8054768150905 1.0789434796058028e+27 2.8313093911005698e+26
495.462 6094.8054768150905 1.3946647644282275e+27 3.144542134331677e+26
495.462 6094.8054768150905 8.333466655858278e+26 2.603632028911911e+26
495.463 6094.8054768150905 1.2174459570834084e+27 2.9670390149375526e+26
495.463 6094.8054768150905 1.2357212104280738e+27 3.266495193068971e+26
495.464 6094.8054768150905 1.3600688823307802e+27 2.9935676902222883e+26
495.464 6094.8054768150905 1.2023142685901196e+27 3.374235068125713e+26
495.465 6094.8054768150905 1.4249169447602499e+27 3.243515131082619e+26
495.465 6094.8054768150905 1.1852862071397902e+27 3.749403807810043e+26
495.466 6094.8054768150905 1.1174159786668438e+27 3.0185115909713835e+26
495.466 6094.8054768150905 1.4223096371009378e+27 3.271712999274817e+26
495.466 6094.8054768150905 9.188173756426828e+26 2.904096211402712e+26
495.467 6094.8054768150905 8.634102570951694e+26 2.497305599721673e+26
495.467 6094.8054768150905 1.0415112997801692e+27 2.5565961642989935e+26
495.468 6094.8054768150905 1.2085934510834687e+27 3.0082511594118594e+26
495.468 6094.8054768150905 1.271178120974463e+27 3.31384258572547e+26
495.469 6094.8054768150905 1.1385340542103626e+27 3.275552576281177e+26
495.469 6094.8054768150905 9.365989925654478e+26 3.0465103652093772e+26
495.47 6094.8054768150905 1.0176442042039104e+27 3.049618111628215e+26
495.47 6094.8054768150905 1.2183496446950903e+27 3.424236861143141e+26
495.471 6094.8054768150905 9.316250203731703e+26 3.09013708526695e+26
495.471 6094.8054768150905 8.724867212913561e+26 3.0700226437369e+26
495.471 6094.8054768150905 7.681755702814916e+26 2.7436584281261124e+26
495.472 6094.8054768150905 1.3192493102109137e+27 2.8569568975787577e+26
495.472 6094.8054768150905 1.1282978967597756e+27 2.7793422761272502e+26
495.473 6094.8054768150905 1.3807946102557948e+27 2.9033348510033195e+26
495.473 6094.8054768150905 1.4527062094060893e+27 3.022000530932076e+26
495.474 6094.8054768150905 1.0150850798971554e+27 2.835848407305664e+26
495.474 6094.8054768150905 9.463730260121937e+26 3.248842435118645e+26
495.475 6094.8054768150905 9.997862395875153e+26 3.162272734320635e+26
495.475 6094.8054768150905 1.5895232425100018e+27 3.237312194854919e+26
495.475 6094.8054768150905 1.543221448146654e+27 3.525093002741602e+26
495.476 6094.8054768150905 1.4199992364609964e+27 3.313250426202331e+26
495.476 6094.8054768150905 9.689838918753215e+26 2.7520774006807467e+26
495.477 6094.8054768150905 1.2147324655551722e+27 2.7601742132202593e+26
495.477 6094.8054768150905 1.1793792802910754e+27 3.0386724403346107e+26
495.478 6094.8054768150905 1.4069319966463285e+27 3.185263271754e+26
495.478 6094.8054768150905 1.168493205678444e+27 3.228334385324545e+26
495.479 6094.8054768150905 1.1278533424496036e+27 2.8925618592119367e+26
495.479 6094.8054768150905 1.2423493894055218e+27 3.191972522054572e+26
495.48 6094.8054768150905 1.1115728644313632e+27 3.2800440403039125e+26
495.48 6094.8054768150905 1.637820309003948e+27 3.6190171153195833e+26
495.48 6094.8054768150905 1.488263224092666e+27 3.1921870533346176e+26
495.481 6094.8054768150905 9.59872414773724e+26 2.615815997368464e+26
495.481 6094.8054768150905 1.2502153234432696e+27 3.0318724461025545e+26
495.482 6094.8054768150905 9.068898746562441e+26 2.8575697178849835e+26
495.482 6094.8054768150905 1.1492394812309445e+27 2.8883636064361e+26
495.483 6094.8054768150905 1.1321040697793009e+27 2.7113778658909582e+26
495.483 6094.8054768150905 1.252893179779729e+27 3.044265292681638e+26
495.484 6094.8054768150905 1.3300065802723727e+27 3.103736677264772e+26
495.484 6094.8054768150905 9.679230540126607e+26 3.5538379244764556e+26
495.485 6094.8054768150905 1.0798355101628686e+27 3.311468920556807e+26
495.485 6094.8054768150905 7.678657299034934e+26 3.1476229844603194e+26
495.485 6094.8054768150905 9.41911460378183e+26 3.5323457838325364e+26
495.486 6094.8054768150905 9.395494621025486e+26 3.1733623832173225e+26
495.486 6094.8054768150905 1.2966422989768888e+27 3.189181438519729e+26
495.487 6094.8054768150905 1.7299681787391337e+27 3.708467965582457e+26
495.487 6094.8054768150905 1.4105252917786444e+27 3.358205019070957e+26
495.488 6094.8054768150905 1.1808672668033262e+27 2.7315546340341194e+26
495.488 6094.8054768150905 1.3289806210882106e+27 3.3502592639031364e+26
495.489 6094.8054768150905 8.20906649448357e+26 2.6899086811438682e+26
495.489 6094.8054768150905 8.829896393821193e+26 2.980611216629428e+26
495.49 6094.8054768150905 1.0860284685638675e+27 3.0377804734864746e+26
495.49 6094.8054768150905 1.3677964995605856e+27 3.0902267198049135e+26
495.49 6094.8054768150905 1.2797491003387705e+27 3.3380592870499174e+26
495.491 6094.8054768150905 8.950905149535095e+26 2.9790245961318525e+26
495.491 6094.8054768150905 1.1655925863074684e+27 3.517912229179506e+26
495.492 6094.8054768150905 1.3958136003624184e+27 3.3745294115790095e+26
495.492 6094.8054768150905 1.277586349319147e+27 3.2176224728025174e+26
495.493 6094.8054768150905 1.1751015062785829e+27 3.721249005798261e+26
495.493 6094.8054768150905 1.3420943879451372e+27 2.8087000539247203e+26
495.494 6094.8054768150905 1.2248231140116223e+27 2.9463806547407665e+26
495.494 6094.8054768150905 1.2276112455609492e+27 3.158195469537158e+26
495.494 6094.8054768150905 1.0203065241020785e+27 3.245645469292795e+26
495.495 6094.8054768150905 9.320052936490731e+26 3.489837460237539e+26
495.495 6094.8054768150905 1.2286509718734649e+27 2.9044678711566946e+26
495.496 6094.8054768150905 1.5515881670391018e+27 3.0489310295254793e+26
495.496 6094.8054768150905 1.243715218542408e+27 3.3657347352618665e+26
495.497 6094.8054768150905 1.1976438218992849e+27 2.863890636594185e+26
495.497 6094.8054768150905 8.509900619600659e+26 2.6977457842110326e+26
495.498 6094.8054768150905 1.2270479240637599e+27 2.8997218575190824e+26
495.498 6094.8054768150905 1.2476259390388578e+27 2.8544388423154814e+26
495.499 6094.8054768150905 1.594267525310647e+27 3.1695093310605815e+26
495.499 6094.8054768150905 1.4488420227630046e+27 3.115158527398053e+26
495.499 6094.8054768150905 9.69504133028799e+26 2.946215568067188e+26
495.5 6094.8054768150905 1.0631935317145603e+27 3.2966922262888276e+26
495.5 6094.8054768150905 9.447427942011107e+26 3.274601057821081e+26
495.501 6094.8054768150905 1.2849528461150563e+27 3.46232087535752e+26
495.501 6094.8054768150905 1.60027018362103e+27 3.208648815064332e+26
495.502 6094.8054768150905 1.0156979095173336e+27 3.0692857457962768e+26
495.502 6094.8054768150905 1.1200837094095848e+27 3.159357696447555e+26
495.503 6094.8054768150905 1.2560655060034907e+27 3.21408436928102e+26
495.503 6094.8054768150905 1.3868531202511443e+27 2.9882822625235237e+26
495.504 6094.8054768150905 1.4604360752640825e+27 3.157032420681119e+26
495.504 6094.8054768150905 1.6409486778374577e+27 3.4710027436979044e+26
495.504 6094.8054768150905 9.444865131543979e+26 2.7666676815076367e+26
495.505 6094.8054768150905 1.1137953024386314e+27 2.7283940132134206e+26
495.505 6094.8054768150905 1.0183170383150458e+27 2.8627203597184823e+26
495.506 6094.8054768150905 5.9095286379636625e+26 2.882764288354101e+26
495.506 6094.8054768150905 1.1460058459377821e+27 3.664330975576725e+26
495.507 6094.8054768150905 1.2368748062655743e+27 3.0249176633207898e+26
495.507 6094.8054768150905 1.5171492185428302e+27 3.55356904264492e+26
495.508 6094.8054768150905 1.473149846872646e+27 3.184309029790961e+26
495.508 6094.8054768150905 1.1996763600987032e+27 2.840826085391362e+26
495.508 6094.8054768150905 7.989521056186611e+26 3.098747285205477e+26
495.509 6094.8054768150905 1.0175391799589178e+27 3.2024184440468084e+26
495.509 6094.8054768150905 1.613314026362685e+27 3.3469704971404e+26
495.51 6094.8054768150905 1.5905026627278726e+27 3.084883669800973e+26
495.51 6094.8054768150905 1.1567249652211254e+27 2.981892063404939e+26
495.511 6094.8054768150905 1.3670579542571318e+27 3.349831263732612e+26
495.511 6094.8054768150905 1.0615335790100719e+27 2.8966580077139208e+26
495.512 6094.8054768150905 1.1742006215050073e+27 3.126899794791573e+26
495.512 6094.8054768150905 1.1254926840080489e+27 3.2646767645250625e+26
495.513 6094.8054768150905 1.0317818410226765e+27 3.1533785733379554e+26
495.513 6094.8054768150905 9.302955106645199e+26 3.097195700135167e+26
495.513 6094.8054768150905 9.920574742388672e+26 2.944095079019113e+26
495.514 6094.8054768150905 1.3188459234288642e+27 3.3161763290570095e+26
495.514 6094.8054768150905 1.4589733761588524e+27 3.130506710827223e+26
495.515 6094.8054768150905 1.4136304407143834e+27 3.282979578662979e+26
495.515 6094.8054768150905 1.1165385135379005e+27 3.21524634471129e+26
495.516 6094.8054768150905 9.13253322183937e+26 2.759936018038476e+26
495.516 6094.8054768150905 1.0504342226853216e+27 3.1195310444647936e+26
495.517 6094.8054768150905 1.1761683175972986e+27 3.321878978489032e+26
495.517 6094.8054768150905 1.2301483716788958e+27 3.054305474465099e+26
495.518 6094.8054768150905 1.2546019613916915e+27 3.040984400420827e+26
495.518 6094.8054768150905 1.1358589961025873e+27 3.2063048074684016e+26
495.518 6094.8054768150905 1.3415589749906742e+27 3.3120848015544436e+26
495.519 6094.8054768150905 9.499869005005836e+26 2.8417394698511078e+26
495.519 6094.8054768150905 8.081315933369487e+26 3.06150498517364e+26
495.52 6094.8054768150905 9.170507417564703e+26 2.9909402298800255e+26
495.52 6094.8054768150905 1.247291278704327e+27 2.8555476640738944e+26
495.521 6094.8054768150905 1.3897313361958067e+27 3.274710543786884e+26
495.521 6094.8054768150905 1.0622654856616001e+27 2.7955848095802407e+26
495.522 6094.8054768150905 1.351501201418662e+27 2.9351569631123154e+26
495.522 6094.8054768150905 1.3775318929485695e+27 3.1982996330550386e+26
495.522 6094.8054768150905 1.1643929870802766e+27 3.0131370532569302e+26
495.523 6094.8054768150905 1.493417771205766e+27 3.5470064765275366e+26
495.523 6094.8054768150905 1.4189441727260885e+27 3.422990982226457e+26
495.524 6094.8054768150905 1.439004383303694e+27 3.279845964042683e+26
495.524 6094.8054768150905 1.6064470723933962e+27 3.4518886521589266e+26
495.525 6094.8054768150905 9.72919170872723e+26 3.202800414554998e+26
495.525 6094.8054768150905 8.471366274851903e+26 3.15826409059665e+26
495.526 6094.8054768150905 1.2612229321154774e+27 3.272805240135024e+26
495.526 6094.8054768150905 1.0963643992596664e+27 2.9741181993562943e+26
495.527 6094.8054768150905 1.2061485774957063e+27 3.1108480344969324e+26
495.527 6094.8054768150905 1.8263666508360203e+27 3.592019683147755e+26
495.527 6094.8054768150905 1.6293318623050583e+27 3.376611571772433e+26
495.528 6094.8054768150905 1.115473560403306e+27 3.0303913121853207e+26
495.528 6094.8054768150905 8.68223571359453e+26 2.9663604544329854e+26
495.529 6094.8054768150905 1.3168479757426589e+27 3.1858073577260775e+26
495.529 6094.8054768150905 1.2241190695487574e+27 2.8646184069186786e+26
495.53 6094.8054768150905 1.387837862610808e+27 3.292598644910493e+26
495.53 6094.8054768150905 1.4203957248975995e+27 3.324086022638788e+26
495.531 6094.8054768150905 1.1439264887205344e+27 2.979980080326616e+26
497.532 6094.8054768150905 1.0205371017153478e+27 2.672452732461214e+26
#500.527 6094.8054768150905 1.7893517218572797e+27 5.0257027733875266e+26
#503.426 6094.8054768150905 1.2942033342134744e+27 6.878337760470385e+26
#506.488 6094.8054768150905 1.341783581465269e+27 4.419402075151652e+26
#519.487 6094.8054768150905 6.354166700805139e+26 1.1423406925361442e+27
#527.331 6094.8054768150905 9.154714464197839e+26 4.396118001368911e+26
#527.337 6094.8054768150905 1.2491849021211768e+27 5.0690462032605686e+26
#527.339 6094.8054768150905 9.164109016053121e+26 4.50566550471689e+26
#527.352 6094.8054768150905 7.116666892461303e+26 4.3956694823993096e+26
#527.353 6094.8054768150905 1.1051953162346888e+27 4.377857797185318e+26
#527.355 6094.8054768150905 8.082454613635784e+26 4.286254682153557e+26
#527.356 6094.8054768150905 9.471610319127659e+26 4.582737707465577e+26
#527.356 6094.8054768150905 8.265638236062151e+26 4.1660413020821805e+26
#527.358 6094.8054768150905 1.0741975775408561e+27 4.175842077966079e+26
#527.361 6094.8054768150905 1.1744458692983895e+27 3.984830022166272e+26
#527.365 6094.8054768150905 1.1346754960709523e+27 4.2808325578466996e+26
#527.366 6094.8054768150905 7.755557062316085e+26 3.9139973737081265e+26
#527.37 6094.8054768150905 8.018518928391137e+26 4.088511186755423e+26
#527.371 6094.8054768150905 1.0447533231670452e+27 4.143432453333652e+26
#527.377 6094.8054768150905 9.480823353931324e+26 4.305011479593775e+26
#527.377 6094.8054768150905 6.288126576813353e+26 4.205226628933092e+26
#527.381 6094.8054768150905 6.708228117675714e+26 4.343534741019644e+26
#527.383 6094.8054768150905 1.1126707379314011e+27 5.0661497876466776e+26
#527.386 6094.8054768150905 1.1458575552108681e+27 4.8206251904265556e+26
#527.388 6094.8054768150905 8.039865666104925e+26 4.305094258138259e+26
#527.391 6094.8054768150905 1.1730399803450935e+27 4.7319824076329126e+26
#527.393 6094.8054768150905 3.374515113745852e+26 4.507477996417968e+26
#527.395 6094.8054768150905 5.25546735331046e+26 4.925261792779626e+26
#527.395 6094.8054768150905 9.05339498693948e+26 4.604762419863561e+26
#527.395 6094.8054768150905 8.279581252822922e+26 4.454865602412632e+26
#527.398 6094.8054768150905 1.1464260502182165e+27 4.902799963470172e+26
#527.402 6094.8054768150905 5.435162911803426e+26 4.7658665764516556e+26
#527.403 6094.8054768150905 5.351871674953883e+26 4.528129326224594e+26
#527.412 6094.8054768150905 1.1065259401182637e+27 4.310574873141222e+26
#527.413 6094.8054768150905 8.717263021248228e+26 4.07225338392253e+26
#527.416 6094.8054768150905 5.411661717743688e+26 3.706626187660272e+26
#527.457 6094.8054768150905 1.0640763778966078e+27 4.0994103460563895e+26
#528.337 6094.8054768150905 8.817713051787007e+26 4.185600208895905e+26
#528.337 6094.8054768150905 6.332446682065803e+26 3.908239300506409e+26
#528.338 6094.8054768150905 8.360390624987449e+26 4.667485854190144e+26
#528.34 6094.8054768150905 5.687391368484744e+26 4.7303414786908196e+26
#528.341 6094.8054768150905 1.1257825559740673e+27 5.107545106857672e+26
#528.343 6094.8054768150905 7.741341699338137e+26 4.462736530083739e+26
#528.347 6094.8054768150905 1.0187145227410851e+27 4.0648601055687526e+26
#528.349 6094.8054768150905 1.1564797072474053e+27 4.57810206155715e+26
#528.35 6094.8054768150905 7.541486011238819e+26 4.341199049389095e+26
#528.352 6094.8054768150905 -9.53259200963696e+25 6.484172972505966e+26
#528.359 6094.8054768150905 4.146674414878604e+26 4.244448994832527e+26
#528.362 6094.8054768150905 8.40960235919879e+26 4.69123511042197e+26
#528.365 6094.8054768150905 6.728401340874034e+26 4.200858978478834e+26
#528.366 6094.8054768150905 7.72882792529104e+26 4.379133088140066e+26
#528.373 6094.8054768150905 6.308277583877669e+26 3.877673567320262e+26
#528.375 6094.8054768150905 5.580010974285279e+26 3.766638611865732e+26
#528.375 6094.8054768150905 4.22285854403247e+26 3.79910902173795e+26
#528.378 6094.8054768150905 8.207178073447997e+25 4.296762707240815e+26
#528.389 6094.8054768150905 7.800695179658923e+26 4.582535738068165e+26
#528.39 6094.8054768150905 8.436412764068491e+26 4.043824105749228e+26
#528.39 6094.8054768150905 5.557320302979437e+26 3.869301801246544e+26
#528.392 6094.8054768150905 4.447624604308984e+26 4.10567350625513e+26
#528.393 6094.8054768150905 9.03113346167021e+26 3.924012053344946e+26
#528.403 6094.8054768150905 6.871536323063356e+26 4.404385878475333e+26
#528.408 6094.8054768150905 1.3058024879942133e+27 4.67368563492458e+26
#528.413 6094.8054768150905 8.875357651739029e+26 4.057313035877938e+26
#528.415 6094.8054768150905 4.7292839523263936e+26 4.015766880545909e+26
#530.417 6094.8054768150905 5.5614566385024924e+26 3.674831660475777e+26
#535.441 6094.8054768150905 1.2076087695495543e+27 3.2433101443161936e+26
#537.437 6094.8054768150905 1.1199679905406968e+27 3.4429790456068246e+26
#538.436 6094.8054768150905 5.81146881990262e+26 6.0504553747320654e+26
#546.406 6094.8054768150905 5.54739988694427e+26 2.4250421952058707e+26
#546.441 6094.8054768150905 4.871241559659929e+26 2.5528229329775163e+26
#550.257 6094.8054768150905 -2.69500357007491e+25 8.14556011738883e+26
#550.259 6094.8054768150905 1.2004219876056857e+27 3.304656716205097e+26
#550.259 6094.8054768150905 4.708488145014283e+25 5.357904793563532e+26
#550.261 6094.8054768150905 1.1117183355649481e+27 3.350960848972092e+26
#550.267 6094.8054768150905 -7.091551364848134e+23 1.041563155353831e+27
#550.272 6094.8054768150905 9.127109753933296e+26 3.911984426856999e+26
#550.274 6094.8054768150905 1.13412124641145e+27 3.099160476025343e+26
#550.276 6094.8054768150905 2.812857444783513e+26 3.0058555711707412e+26
#550.278 6094.8054768150905 5.150351675623395e+26 2.728998390846481e+26
#550.278 6094.8054768150905 5.860335092072576e+26 3.206662817353807e+26
#550.279 6094.8054768150905 6.64349168182549e+26 2.9684257648101245e+26
#550.284 6094.8054768150905 7.474153971246993e+26 2.8105561701260257e+26
#550.288 6094.8054768150905 9.256633119742825e+26 3.2663713212843605e+26
#550.295 6094.8054768150905 6.966876866460589e+26 2.520936410291262e+26
#550.299 6094.8054768150905 6.703578917897171e+26 2.7422151337206765e+26
#550.3 6094.8054768150905 1.0137950872196746e+27 2.7318438795804747e+26
#550.3 6094.8054768150905 4.230791675186403e+26 2.31462191512638e+26
#550.306 6094.8054768150905 6.15955997495428e+26 2.514171005711534e+26
#550.306 6094.8054768150905 8.581714675303647e+26 2.6220116165774303e+26
#550.313 6094.8054768150905 1.0621279261499052e+27 3.5605659671835294e+26
#550.313 6094.8054768150905 6.820597252050172e+26 2.7164935294616626e+26
#550.314 6094.8054768150905 7.021092801727884e+26 2.8359893591810685e+26
#550.314 6094.8054768150905 7.733611626241532e+26 3.1208236293103075e+26
#550.315 6094.8054768150905 7.566928667577048e+26 2.805147158250641e+26
#550.317 6094.8054768150905 5.377686445750913e+26 3.4164367450631595e+26
#550.325 6094.8054768150905 7.530305831822222e+26 2.6938589658415063e+26
#550.329 6094.8054768150905 8.438591074662657e+26 3.085327192313719e+26
#550.332 6094.8054768150905 7.003275654418831e+26 3.1381128248333174e+26
#550.334 6094.8054768150905 5.733159449659473e+26 3.1719346017284654e+26
#550.335 6094.8054768150905 1.0469257705112105e+27 2.877607170911048e+26
#550.339 6094.8054768150905 1.3178674265097418e+27 3.254041634325521e+26
#550.341 6094.8054768150905 6.518607640289313e+26 4.105902333707848e+26
#550.342 6094.8054768150905 1.3202416106487551e+27 2.9345239293516114e+26
#550.342 6094.8054768150905 7.367227361878803e+26 2.6671289006843996e+26
#550.344 6094.8054768150905 6.315623495024056e+26 2.9341572064916295e+26
#550.349 6094.8054768150905 1.376252086506933e+27 3.9817155700068376e+26
#550.351 6094.8054768150905 7.16639663837681e+26 3.3953530410140525e+26
#550.37 6094.8054768150905 7.181115908541929e+26 4.183336710261445e+26
#550.373 6094.8054768150905 8.813989435435141e+26 3.651717978272609e+26
#550.377 6094.8054768150905 1.033503539483805e+27 4.230300863526845e+26
#550.385 6094.8054768150905 9.711277165357595e+26 3.442226852970192e+26
#550.386 6094.8054768150905 1.0623167258470519e+27 3.600247398849063e+26
#550.392 6094.8054768150905 8.707884572251975e+26 3.294961101641457e+26
#550.394 6094.8054768150905 1.2059859026292478e+27 4.201665534700176e+26
#550.405 6094.8054768150905 1.0440360265584245e+27 3.459555966201799e+26
#550.407 6094.8054768150905 1.116587201125137e+27 3.965548682323272e+26
#550.408 6094.8054768150905 1.1661997114220547e+27 3.365864750624725e+26
#550.411 6094.8054768150905 1.0115835493564268e+27 3.5394606151054045e+26
#550.414 6094.8054768150905 1.3084049186874673e+27 3.685767476400351e+26
#550.415 6094.8054768150905 5.794198216319581e+26 3.562098495398314e+26
#550.419 6094.8054768150905 9.486441856949933e+26 3.3633167142366514e+26
#550.444 6094.8054768150905 8.122247132362717e+26 2.9312906789727122e+26
#552.256 6094.8054768150905 7.286965803804971e+26 2.8650059490719614e+26
#552.259 6094.8054768150905 2.8318665736688467e+26 3.75725022499809e+26
#552.26 6094.8054768150905 6.912885839633957e+25 4.4620182445444555e+26
#552.267 6094.8054768150905 3.653162903012177e+26 2.7596485637089868e+26
#552.274 6094.8054768150905 5.366851069550317e+26 2.8242808346554373e+26
#552.275 6094.8054768150905 5.610507724106333e+26 2.9043168654156113e+26
#552.277 6094.8054768150905 1.004544939221813e+27 2.5333855807250565e+26
#552.281 6094.8054768150905 5.5509050947791915e+26 3.157173841144304e+26
#552.282 6094.8054768150905 -4.557989423171529e+25 3.485127936276567e+26
#552.283 6094.8054768150905 1.3665203882045793e+26 3.655005755483798e+26
#552.283 6094.8054768150905 5.903278971240242e+25 3.6230610893884664e+26
#552.285 6094.8054768150905 1.0216872633556748e+27 3.9961441920295605e+26
#552.289 6094.8054768150905 1.1457493141391545e+27 4.73862762843087e+26
#552.29 6094.8054768150905 1.2578303339469377e+26 3.51107630047557e+26
#552.291 6094.8054768150905 3.0321958966384633e+26 3.210300708572304e+26
#552.293 6094.8054768150905 1.0620691217740862e+27 3.228208548417151e+26
#552.308 6094.8054768150905 6.642423166458536e+26 2.5735887697406602e+26
#552.31 6094.8054768150905 8.594597167385894e+26 2.835310614815727e+26
#552.313 6094.8054768150905 6.399830742919847e+26 2.6847248152623765e+26
#552.318 6094.8054768150905 8.000241700683458e+26 2.9444144928068647e+26
#552.319 6094.8054768150905 4.7617014500350965e+26 2.9061985215018228e+26
#552.322 6094.8054768150905 3.748896876970189e+26 2.508014150649591e+26
#552.324 6094.8054768150905 6.953293814310239e+26 2.995826698862833e+26
#552.326 6094.8054768150905 8.991310797331645e+26 2.98869805072388e+26
#552.327 6094.8054768150905 6.765719189987596e+26 2.717778722640619e+26
#552.327 6094.8054768150905 5.450490035904063e+26 3.142274371652297e+26
#552.334 6094.8054768150905 1.1741652361532961e+27 3.166084064438168e+26
#552.346 6094.8054768150905 3.807071827205008e+26 2.8209116688024142e+26
#552.347 6094.8054768150905 5.173796952365714e+26 3.0557514162050224e+26
#552.349 6094.8054768150905 7.973367491123375e+26 2.4358997778590678e+26
#552.351 6094.8054768150905 1.1128290969030177e+27 2.6325282409935468e+26
#552.351 6094.8054768150905 1.1957985768380084e+27 2.7706035309045434e+26
#552.359 6094.8054768150905 5.8206691292026744e+26 2.3744390669506385e+26
#552.359 6094.8054768150905 4.108519792589855e+26 2.4667942184634442e+26
#552.361 6094.8054768150905 1.1210010963444849e+27 2.6516387361493734e+26
#552.362 6094.8054768150905 6.224840465169545e+26 2.19820519273329e+26
#552.366 6094.8054768150905 7.420795703963567e+26 2.2927843413801423e+26
#552.371 6094.8054768150905 7.575644199239325e+26 2.4568521525818367e+26
#552.377 6094.8054768150905 7.528026939401076e+26 2.531626223749424e+26
#552.382 6094.8054768150905 5.116786582720554e+26 2.7207796030439274e+26
#552.385 6094.8054768150905 4.920381621575613e+26 2.2191419561202582e+26
#552.385 6094.8054768150905 4.751177051438424e+26 2.3684359206918646e+26
#552.39 6094.8054768150905 8.609316799838287e+26 2.6438394932519543e+26
#552.397 6094.8054768150905 6.976017456573659e+26 2.878962570729524e+26
#552.4 6094.8054768150905 4.3927298733817445e+26 2.446390370266476e+26
#552.4 6094.8054768150905 2.5578618221070593e+26 2.8147057116815607e+26
#552.401 6094.8054768150905 6.449554040026206e+26 2.6667467898601185e+26
#552.402 6094.8054768150905 8.905748389195972e+26 2.5941829177915555e+26
#552.404 6094.8054768150905 9.925103287516932e+26 2.549239394247598e+26
#552.404 6094.8054768150905 6.89990412758931e+26 2.190120651953916e+26
#552.407 6094.8054768150905 8.952020747102943e+26 2.438496813402296e+26
#552.408 6094.8054768150905 8.222233393038752e+26 2.7851266292327302e+26
#552.411 6094.8054768150905 7.157162634340312e+26 2.6438719842416464e+26
#552.412 6094.8054768150905 3.8723595029587516e+26 2.3783609483680377e+26
#552.412 6094.8054768150905 5.5400240984011415e+26 2.2302795242851296e+26
#552.417 6094.8054768150905 9.290773943810526e+26 2.694406946166721e+26
#553.425 6094.8054768150905 5.216539071763961e+26 2.616876089016131e+26
#554.262 6094.8054768150905 1.0685419951883998e+27 5.517058340207136e+26
#554.263 6094.8054768150905 6.591934097541627e+26 5.493375557095624e+26
#554.264 6094.8054768150905 6.0031582486259506e+26 5.581437761953938e+26
#554.28 6094.8054768150905 1.6703659239602615e+27 7.45214457989633e+26
#554.283 6094.8054768150905 6.900928983343576e+26 5.828920067137501e+26
#554.283 6094.8054768150905 9.695249928129764e+26 5.676201949351528e+26
#554.286 6094.8054768150905 9.402457773451153e+26 6.450026210289613e+26
#554.287 6094.8054768150905 9.647551635906261e+26 5.488488003446691e+26
#554.291 6094.8054768150905 4.545917670460505e+26 5.2327422595259067e+26
#554.295 6094.8054768150905 1.1213147028735896e+27 5.9644322950235645e+26
#554.302 6094.8054768150905 -1.4256655155954027e+26 4.792795588149157e+26
#554.305 6094.8054768150905 1.0723825706197333e+27 4.369875563396571e+26
#554.306 6094.8054768150905 1.4030198910451794e+27 4.6073139557062474e+26
#554.308 6094.8054768150905 1.1726553163712925e+27 4.557166127924668e+26
#554.309 6094.8054768150905 9.264822888457727e+26 4.552200829400562e+26
#554.309 6094.8054768150905 1.4705514339410346e+27 5.0633711391287245e+26
#554.31 6094.8054768150905 9.375027806187677e+26 4.943702212980066e+26
#554.362 6094.8054768150905 1.3991213788485592e+27 4.387539068612518e+26
#554.365 6094.8054768150905 1.9422834269708327e+27 5.327883628938816e+26
#554.366 6094.8054768150905 8.650385646330023e+26 5.42283388309351e+26
#554.367 6094.8054768150905 9.332747783300548e+26 4.9638141622845926e+26
#554.368 6094.8054768150905 1.66314659170459e+27 5.424571955297331e+26
#554.368 6094.8054768150905 1.390911888480812e+27 4.5148672555612604e+26
#554.369 6094.8054768150905 1.367910399410795e+27 5.1189344925064904e+26
#554.371 6094.8054768150905 4.245119235357926e+26 4.9005195176145865e+26
#554.373 6094.8054768150905 6.73145751753165e+26 4.818257723703057e+26
#554.382 6094.8054768150905 1.6153230945100266e+27 5.0769840793285e+26
#554.387 6094.8054768150905 7.8825479679305e+26 4.797376787057097e+26
#554.389 6094.8054768150905 1.2086283798453167e+27 4.642784321305531e+26
#554.39 6094.8054768150905 9.498762763747829e+26 5.3882618132990766e+26
#554.394 6094.8054768150905 1.154766498837281e+27 4.154306759737264e+26
#554.396 6094.8054768150905 4.337986425370752e+26 4.406057506020456e+26
#554.412 6094.8054768150905 9.703884892354908e+26 3.81972175451535e+26
#555.306 6094.8054768150905 1.0598227736366266e+27 3.569387725409308e+26
#561.3 6094.8054768150905 5.983799524484937e+26 4.688830464468317e+26
#564.215 6094.8054768150905 7.383003218262176e+26 2.773854223938696e+26
#567.339 6094.8054768150905 3.893496675999574e+25 2.804788357154375e+26
#571.278 6094.8054768150905 3.6479623700657094e+26 2.552621584707597e+26
#571.335 6094.8054768150905 4.065509892115439e+26 2.4243912264585553e+26
#573.225 6094.8054768150905 3.377006957398742e+26 2.8280172288371323e+26
#574.27 6094.8054768150905 6.885428760797063e+26 2.7866731161679503e+26
#574.292 6094.8054768150905 4.694825850837429e+26 2.2348347523912913e+26
#576.257 6094.8054768150905 5.246256555461742e+26 1.9550971223291495e+26
#577.267 6094.8054768150905 4.7418144462442876e+26 2.4689470903259472e+26
#577.269 6094.8054768150905 6.3722325846762775e+25 2.5399349805705122e+26
#578.286 6094.8054768150905 8.356614767185909e+26 3.4525727401842866e+26
#579.291 6094.8054768150905 7.526178883452335e+26 4.012537167363629e+26
#579.295 6094.8054768150905 1.0315751803751731e+27 3.217675166112536e+26
#580.289 6094.8054768150905 1.2586770328770582e+26 2.5413226063635966e+26
#580.291 6094.8054768150905 3.1168330374010295e+26 2.510547104697721e+26
#581.265 6094.8054768150905 8.70573820333305e+26 2.892849507606486e+26
#581.288 6094.8054768150905 9.300565236934207e+26 3.2102116012874335e+26
#582.196 6094.8054768150905 6.163361892111477e+26 3.135425507055617e+26
#583.225 6094.8054768150905 2.456956866995816e+26 4.2330650477502914e+26
#583.232 6094.8054768150905 9.04692035929541e+26 3.9894495708482816e+26
#583.25 6094.8054768150905 9.87855384978862e+26 4.080761749875697e+26
#584.201 6094.8054768150905 4.8318451172818555e+26 4.340459075646271e+26
#584.202 6094.8054768150905 6.741391880931253e+26 4.95425337181834e+26
#585.209 6094.8054768150905 5.815386549807877e+26 7.89285157495494e+26
#590.176 6094.8054768150905 2.0757426674126152e+26 5.359145099465948e+26
#591.267 6094.8054768150905 3.828376032081942e+26 2.8928394802250065e+26
#591.278 6094.8054768150905 7.828856923907958e+26 3.035853662790674e+26
#592.269 6094.8054768150905 7.116156204397176e+26 3.1988854558515095e+26
#593.269 6094.8054768150905 3.489966045888164e+26 2.5539241559966812e+26
#593.27 6094.8054768150905 5.863854392120222e+26 2.698658542497432e+26
#594.227 6094.8054768150905 5.377424166562718e+26 2.610143148782765e+26
#595.254 6094.8054768150905 6.350635257512448e+26 2.8496689253610826e+26
#596.271 6094.8054768150905 3.117070923872517e+26 2.4340097518382767e+26
#598.3 6094.8054768150905 8.702034398262923e+26 2.869980010094407e+26
#599.246 6094.8054768150905 4.998828573757482e+26 2.349271967407679e+26
#599.247 6094.8054768150905 5.609596532469336e+26 2.655162297350874e+26
#600.189 6094.8054768150905 -2.5844107266855282e+26 3.3965687665601355e+26
#600.195 6094.8054768150905 -5.287816981791778e+26 4.165727329183448e+26
#603.192 6094.8054768150905 4.8175183354145186e+26 2.1591461261650014e+26
#603.209 6094.8054768150905 5.107544170743922e+25 2.5437822721179347e+26
#605.19 6094.8054768150905 7.901168945734847e+26 2.909738600037992e+26
#605.203 6094.8054768150905 1.253165838686885e+27 3.686356741226593e+26
#606.191 6094.8054768150905 4.4806505016807534e+26 2.741771791425949e+26
#606.192 6094.8054768150905 -3.318280842626661e+25 2.8629861279149487e+26
#612.171 6094.8054768150905 2.1186540617834967e+26 3.456084309985246e+26
#612.211 6094.8054768150905 9.316137796920059e+26 3.587069350574339e+26
#638.171 6094.8054768150905 6.1044611124674295e+26 2.8653612020132796e+26
#639.172 6094.8054768150905 1.9204903391282658e+26 3.267275028010379e+26
#644.187 6094.8054768150905 -9.211943360744024e+25 4.652808707239438e+26
#654.191 6094.8054768150905 3.7080291958309244e+26 2.872805707895571e+26
#656.156 6094.8054768150905 1.136358333702461e+26 2.9542322474016188e+26
#667.184 6094.8054768150905 1.704730038776725e+25 3.385168577332803e+26
#677.204 6094.8054768150905 -6.717545233552809e+26 6.3952198443797e+26
#681.217 6094.8054768150905 2.3361682160219197e+26 3.874008228250884e+26
#797.506 6094.8054768150905 -6.643496682055236e+26 5.1010719514441046e+26
#807.507 6094.8054768150905 -2.925174489974459e+26 3.4052251295286406e+26
#807.511 6094.8054768150905 2.6241777777579557e+26 3.591223948942627e+26
#807.516 6094.8054768150905 2.8849581666491023e+26 3.6896824558847645e+26
#807.521 6094.8054768150905 8.211292464191504e+25 4.1234794948545294e+26
#822.53 6094.8054768150905 4.4819153396351356e+26 4.5487130279356584e+26
#824.463 6094.8054768150905 2.6766337988742548e+26 4.637564425290891e+26
#826.524 6094.8054768150905 7.023763075445537e+26 3.423841635297983e+26
#828.524 6094.8054768150905 -1.6759083494026495e+26 4.1364760547753794e+26
#830.524 6094.8054768150905 6.795354252929493e+26 3.7580492591095874e+26
#835.505 6094.8054768150905 4.4301836468037284e+26 3.030457014995118e+26
#841.485 6094.8054768150905 8.89942169934199e+26 2.8833588957677726e+26
#843.484 6094.8054768150905 1.7988086457449124e+26 2.0485034236265878e+26
#845.518 6094.8054768150905 5.537299058558705e+26 2.5903128575412987e+26
#849.386 6094.8054768150905 -1.2494735707100615e+25 4.682962477619003e+26
#850.527 6094.8054768150905 6.319678877186029e+26 3.546722661930433e+26
#852.482 6094.8054768150905 3.1733774953135056e+26 3.1556515922836995e+26
#855.465 6094.8054768150905 1.0419510990913988e+26 3.7182495799065476e+26
#856.512 6094.8054768150905 2.729675214346711e+26 3.082225429043241e+26
#865.462 6094.8054768150905 1.0642706769329395e+26 2.4288517768336746e+26
#868.455 6094.8054768150905 3.4229055506368774e+26 2.55924365596889e+26
#870.506 6094.8054768150905 4.9745661616373396e+26 2.8347089887374904e+26
#875.466 6094.8054768150905 2.6480702307279776e+26 3.059251968391741e+26
#882.474 6094.8054768150905 5.0365772435406344e+26 3.792592353151919e+26
#884.472 6094.8054768150905 3.3041913059988515e+25 3.957249110397622e+26
#884.539 6094.8054768150905 -7.650693306760218e+26 4.313183091295448e+26
#889.359 6094.8054768150905 5.438012630070127e+26 4.408302789553415e+26
#893.399 6094.8054768150905 1.6268314305820054e+26 2.2239430432317038e+26
#894.381 6094.8054768150905 -1.9810258958357046e+26 2.9668012674048776e+26
#894.396 6094.8054768150905 3.83352625147246e+26 2.509929431900668e+26
#894.464 6094.8054768150905 -6.147505919463842e+25 2.0343850298054624e+26
#895.336 6094.8054768150905 -3.440573748954587e+26 5.5463828129515475e+26
#896.392 6094.8054768150905 4.962208527058866e+26 3.0665129552807112e+26
#896.464 6094.8054768150905 8.564846263852079e+25 2.7577801732065837e+26
#896.485 6094.8054768150905 6.776483146232866e+26 2.906111577071426e+26
#899.381 6094.8054768150905 3.7472332767731975e+26 2.7971944798630093e+26
#902.388 6094.8054768150905 4.83163912630786e+26 2.7721911213553062e+26
#902.526 6094.8054768150905 3.989465168722365e+26 3.167772382888552e+26
#903.429 6094.8054768150905 2.1397204027845846e+26 3.37655452237417e+26
#910.295 6094.8054768150905 1.4264563522456976e+26 3.621272407166423e+26
#910.4 6094.8054768150905 3.9318859066488695e+26 3.288003169313239e+26
#917.327 6094.8054768150905 2.7948960644557084e+26 3.038213936490288e+26
#917.38 6094.8054768150905 5.973779385291957e+26 2.8487966769459845e+26
#918.351 6094.8054768150905 9.303162872761298e+26 3.708063030065268e+26
#918.381 6094.8054768150905 1.7719109620414534e+26 2.747991173979269e+26
#919.32 6094.8054768150905 2.630125106071465e+26 2.8259415060868738e+26
#920.297 6094.8054768150905 4.566063125398736e+25 2.547358265896848e+26
#920.311 6094.8054768150905 -4.670088196096011e+25 2.321000454184271e+26
#921.247 6094.8054768150905 1.636573439621847e+26 2.6923867195539186e+26
#921.36 6094.8054768150905 3.965218527777085e+26 2.7239287551058785e+26
#922.331 6094.8054768150905 2.911607908796474e+26 2.3944402880894528e+26
#922.353 6094.8054768150905 1.561014579326416e+26 2.6309490673762415e+26
#923.31 6094.8054768150905 1.993374271664003e+26 2.2999518152551173e+26
#923.375 6094.8054768150905 3.626712647813983e+24 2.236350228529941e+26
#924.256 6094.8054768150905 1.1331193343182073e+25 2.6505037601984104e+26
#924.297 6094.8054768150905 4.809579623257354e+26 3.1600309568176834e+26
#924.362 6094.8054768150905 5.150039559740614e+26 2.8704217937129338e+26
#925.297 6094.8054768150905 4.71742853914868e+25 2.3929852770940887e+26
#925.379 6094.8054768150905 4.262801105494039e+26 2.7278526388269878e+26
#926.267 6094.8054768150905 2.222507711192641e+26 2.3949947503964048e+26
#926.399 6094.8054768150905 -2.3665586472834616e+25 2.343707169341996e+26
#926.436 6094.8054768150905 2.7947753593378455e+26 2.7744797249118518e+26
#927.299 6094.8054768150905 -3.6322980657836903e+25 2.903947083045929e+26
#927.363 6094.8054768150905 -6.108003607903815e+25 2.9624295119698712e+26
#928.321 6094.8054768150905 1.591168277555182e+26 2.751468166762315e+26
#928.33 6094.8054768150905 4.882636943790279e+25 2.4091106209889243e+26
#931.333 6094.8054768150905 6.8403316860579656e+25 2.4319458643706577e+26
#931.357 6094.8054768150905 2.840014363514087e+26 2.2784855792389948e+26
#932.351 6094.8054768150905 3.235717698750028e+26 2.4911427417864147e+26
#932.352 6094.8054768150905 4.549345097498132e+26 2.7226070474700405e+26
#948.247 6094.8054768150905 3.5838543901521625e+26 2.9883156662619874e+26
#950.244 6094.8054768150905 1.0864242640759507e+26 3.131919725388991e+26
#954.256 6094.8054768150905 5.1903304657350975e+26 2.248355156427307e+26
#956.214 6094.8054768150905 8.029149938798354e+25 2.2492396658334466e+26
#960.254 6094.8054768150905 4.104372825738097e+26 2.4461193506484208e+26
#963.214 6094.8054768150905 6.267370218624641e+26 3.715478741097939e+26
#971.257 6094.8054768150905 -1.2969730766422209e+26 5.1272713760391026e+26
#973.237 6094.8054768150905 1.1347761377349879e+26 5.069047523329139e+26
#975.26 6094.8054768150905 1.8796684989043664e+26 3.064450887670861e+26
#978.185 6094.8054768150905 4.22781743299911e+26 2.5002889339062843e+26
#981.231 6094.8054768150905 8.462376651311297e+26 2.9980017807871834e+26
#993.172 6094.8054768150905 1.3369325731172057e+26 2.7647291440194462e+26
#1010.2 6094.8054768150905 7.149859010419598e+25 2.6531215141716824e+26
#1012.17 6094.8054768150905 3.7916868784407265e+26 2.583292796379304e+26
#1016.16 6094.8054768150905 2.923012680314367e+26 2.7285878728449577e+26
#1019.2 6094.8054768150905 1.0936066179196746e+26 2.549197206212207e+26
#1028.18 6094.8054768150905 -7.111700399103857e+26 3.565246668301421e+26
#1034.26 6094.8054768150905 -8.145912420947709e+25 4.4356880395758584e+26
#1036.2 6094.8054768150905 5.869549614037878e+25 3.0114100967863028e+26
#1040.24 6094.8054768150905 -1.9533272990841305e+26 3.655427362315085e+26
#1044.2 6094.8054768150905 1.4581050241570304e+26 3.1492539260546543e+26
#1159.51 6094.8054768150905 7.755361933708528e+26 3.92184053925183e+26
#1159.51 6094.8054768150905 3.519875791741681e+26 4.044533609097115e+26
#1159.52 6094.8054768150905 -8.201344766498945e+24 5.223369938672911e+26
#1160.51 6094.8054768150905 5.635857799890727e+26 4.5921770663196865e+26
#1160.51 6094.8054768150905 5.148543052072778e+26 5.280709366189229e+26
#1160.52 6094.8054768150905 4.596543829927062e+26 6.068660764006757e+26
#1160.52 6094.8054768150905 1.768194094413684e+26 6.733610782803126e+26
#1161.51 6094.8054768150905 1.0718119610838233e+26 3.332165811416585e+26
#1161.51 6094.8054768150905 1.0334035050311543e+26 3.602406209838578e+26
#1161.51 6094.8054768150905 -5.382403116115932e+25 4.498223064655065e+26
#1162.51 6094.8054768150905 3.168912443600971e+26 3.617746095836023e+26
#1162.51 6094.8054768150905 -1.6124431755615507e+26 4.444988034645089e+26
#1162.52 6094.8054768150905 -3.124634722465589e+26 5.682099478754399e+26
#1163.51 6094.8054768150905 8.745684566015342e+25 3.985322708962355e+26
#1163.52 6094.8054768150905 5.645734251016002e+26 4.17506778474617e+26
#1163.52 6094.8054768150905 5.663156480907119e+23 5.3470949990006675e+26
#1164.51 6094.8054768150905 -8.365119489560302e+25 3.596269278847104e+26
#1164.52 6094.8054768150905 8.220070313891685e+26 4.902530680888825e+26
#1170.5 6094.8054768150905 2.981082535388604e+26 3.1391316071071304e+26
#1170.5 6094.8054768150905 -4.116139118147386e+24 3.016319343264604e+26
#1170.51 6094.8054768150905 4.2832741563441394e+25 2.921939685877752e+26
#1170.51 6094.8054768150905 7.989864667932662e+26 3.8012432676824055e+26
#1170.51 6094.8054768150905 2.8325896967403066e+26 2.916056000536532e+26
#1171.5 6094.8054768150905 -4.7647800669071975e+25 3.910710889269069e+26
#1171.5 6094.8054768150905 1.4015646647128057e+26 3.1849704607962514e+26
#1171.51 6094.8054768150905 3.275917843936693e+26 3.627975515904459e+26
#1171.51 6094.8054768150905 8.175400289514283e+26 3.6203628658209335e+26
#1171.51 6094.8054768150905 2.4756918957627636e+26 4.078679850239299e+26
#1172.5 6094.8054768150905 7.895280014767763e+26 3.1863123529737804e+26
#1172.5 6094.8054768150905 3.514756386346551e+26 3.314434931340966e+26
#1172.51 6094.8054768150905 3.691753972861445e+26 2.7888951180469135e+26
#1172.51 6094.8054768150905 5.227081858761146e+26 3.475933126327803e+26
#1172.51 6094.8054768150905 8.844249577373018e+26 3.200415393597552e+26
#1173.5 6094.8054768150905 3.253617968590147e+26 2.952031196805436e+26
#1173.51 6094.8054768150905 5.999542104197825e+26 3.324969026610992e+26
#1173.51 6094.8054768150905 1.0147648127618172e+26 3.0101918349129518e+26
#1173.51 6094.8054768150905 5.344154717939122e+26 2.9501376575588835e+26
#1173.51 6094.8054768150905 2.1208253236134823e+26 2.897099563097889e+26
#1177.5 6094.8054768150905 1.213732923449429e+27 5.194890566969003e+26
#1180.47 6094.8054768150905 3.7108091633402264e+23 4.629817930405294e+26
#1196.47 6094.8054768150905 3.503831466217838e+26 3.0588421843515043e+26
#1200.51 6094.8054768150905 6.355062698850522e+26 2.4988588919957663e+26
#1203.41 6094.8054768150905 2.6297249902257375e+26 3.416593227546045e+26
#1209.5 6094.8054768150905 1.2757529167715112e+26 3.125534398418091e+26
#1218.51 6094.8054768150905 5.620049204906936e+26 2.1957452232638794e+26
#1221.46 6094.8054768150905 6.203901894018463e+26 2.723436171201693e+26
#1223.48 6094.8054768150905 3.7538106996816686e+26 2.9247346961951053e+26
#1225.45 6094.8054768150905 5.742810055265685e+26 2.7801323645022637e+26
#1230.46 6094.8054768150905 7.470444027270916e+26 3.5924568292487026e+26
#1232.46 6094.8054768150905 1.564730976808241e+26 2.310057055911218e+26
#1338.23 6094.8054768150905 -3.112894533828634e+26 7.810046045523821e+26
#1340.23 6094.8054768150905 -8.270844912890702e+26 3.136346840538948e+26
#1374.2 6094.8054768150905 -2.70256170068675e+26 2.64472078132675e+26
#1382.16 6094.8054768150905 3.9940075640859946e+26 4.2404508193495424e+26
#1389.19 6094.8054768150905 2.9290840629182392e+26 2.940700086268382e+26
#1393.19 6094.8054768150905 3.4223538506854634e+26 3.566045698133795e+26
#1395.2 6094.8054768150905 -1.4786174983087741e+26 3.7668071248803484e+26
#1409.24 6094.8054768150905 5.738310854314084e+24 5.92806277071204e+26
#1410.21 6094.8054768150905 1.6197598884504987e+26 4.510810833394338e+26
